%YAML:1.0
---
# This file contains user specific parameters used to generate multiple consecutive stereo frames with correspondences.
#
#
# Number of total frames. Max. 10000
nrTotalFrames: 180
# ---- Options for stereo extrinsics ----
#
#
# Number of different stereo configurations (max. 1000).
# The number of frames per camera configuration is controlled by the smallest number of the change rates (e.g. txChangeFRate) for tx, ty, tz, roll, pitch, and yaw.
nrStereoConfigs: 180
# Specifies after how many frames the x-component for the translation vector between the stereo cameras shall be changed linearly by a given value.
# Set this value to 0, if you do not want to change the x-component linearly.
txChangeFRate: 1
# Specifies after how many frames the y-component for the translation vector between the stereo cameras shall be changed linearly by a given value.
# Set this value to 0, if you do not want to change the y-component linearly.
tyChangeFRate: 1
# Specifies after how many frames the z-component for the translation vector between the stereo cameras shall be changed linearly by a given value.
# Set this value to 0, if you do not want to change the z-component linearly.
tzChangeFRate: 1
# Specifies after how many frames the roll angle (angle about x-axis) between the stereo cameras shall be changed linearly by a given value.
# Set this value to 0, if you do not want to change the roll linearly.
rollChangeFRate: 1
# Specifies after how many frames the pitch angle (angle about y-axis) between the stereo cameras shall be changed linearly by a given value.
# Set this value to 0, if you do not want to change the pitch linearly.
pitchChangeFRate: 1
# Specifies after how many frames the yaw angle (angle about z-axis) between the stereo cameras shall be changed linearly by a given value.
# Set this value to 0, if you do not want to change the yaw linearly.
yawChangeFRate: 1
# Linear change rate for tx (x-component of the translation vector between the stereo cameras).
txLinChangeVal: 0.00015
# Linear change rate for ty (y-component of the translation vector between the stereo cameras).
tyLinChangeVal: 0.00015
# Linear change rate for tz (z-component of the translation vector between the stereo cameras).
tzLinChangeVal: 0.00015
# Linear change rate for the roll angle (angle in degrees about x-axis) between the stereo cameras.
rollLinChangeVal: -0.0075
# Linear change rate for the pitch angle (angle in degrees about y-axis) between the stereo cameras.
pitchLinChangeVal: -0.0075
# Linear change rate for the yaw angle (angle in degrees about z-axis) between the stereo cameras.
yawLinChangeVal: -0.0075
# Start value for tx (x-component (right) of the translation vector between the stereo cameras).
# Only used if the specified range is 0.
txStartVal: -1.
# Start value for ty (y-component (down) of the translation vector between the stereo cameras).
# Only used if the specified range is 0.
tyStartVal: 1.0000000000000001e-01
# Start value for tz (z-component (forward) of the translation vector between the stereo cameras).
# Only used if the specified range is 0.
tzStartVal: 1.0000000000000000e-02
# Start value for the roll angle (angle in degrees about x-axis, right handed coordinate system, R = R_y * R_z * R_x) between the stereo cameras.
# Only used if the specified range is 0.
rollStartVal: 2.
# Start value for the pitch angle (angle in degrees about y-axis, right handed coordinate system, R = R_y * R_z * R_x) between the stereo cameras.
# Only used if the specified range is 0.
pitchStartVal: -8.1999999999999993e+00
# Start value for the yaw angle (angle in degrees about z-axis, right handed coordinate system, R = R_y * R_z * R_x) between the stereo cameras.
# Only used if the specified range is 0.
yawStartVal: 0.75
# Possible range of the initial tx (x-component (right) of the translation vector between the stereo cameras) to be able to meet a user specific image overlap.
# The optimal tx starting-value is by default only estimated for the first stereo configuration. If specified by txVariable, the range is used for every new configuration.
# If the range (difference between both values) is 0, tx will be kept fixed at the given start value for tx.
txRange:
   first: 0
   second: 0
# Possible range of the initial ty (y-component (down) of the translation vector between the stereo cameras) to be able to meet a user specific image overlap.
# The optimal ty starting-value is by default only estimated for the first stereo configuration. If specified by tyVariable, the range is used for every new configuration.
# If the range (difference between both values) is 0, ty will be kept fixed at the given start value for ty.
tyRange:
   first: -2.0000000000000001e-01
   second: 2.0000000000000001e-01
# Possible range of the initial tz (z-component (forward) of the translation vector between the stereo cameras) to be able to meet a user specific image overlap.
# The optimal tz starting-value is by default only estimated for the first stereo configuration. If specified by tzVariable, the range is used for every new configuration.
# If the range (difference between both values) is 0, tz will be kept fixed at the given start value for tz.
tzRange:
   first: -1.0000000000000001e-01
   second: 1.0000000000000001e-01
# Possible range for the initial roll angle (angle in degrees about x-axis between the stereo cameras, right handed coordinate system, R = R_y * R_z * R_x)
# to be able to meet a user specific image overlap. The optimal roll starting-value is by default only estimated for the
# first stereo configuration. If specified by rollVariable, the range is used for every new configuration.
# If the range (difference between both values) is 0, the roll angle will be kept fixed at the given start value for roll.
rollRange:
   first: -8.
   second: 8.
# Possible range for the initial pitch angle (angle in degrees about y-axis between the stereo cameras, right handed coordinate system, R = R_y * R_z * R_x)
# to be able to meet a user specific image overlap. The optimal pitch starting-value is by default only estimated for the
# first stereo configuration. If specified by pitchVariable, the range is used for every new configuration.
# If the range (difference between both values) is 0, the pitch angle will be kept fixed at the given start value for pitch.
pitchRange:
   first: -8.
   second: 20.
# Possible range for the initial yaw angle (angle in degrees about z-axis between the stereo cameras, right handed coordinate system, R = R_y * R_z * R_x)
# to be able to meet a user specific image overlap. The optimal yaw starting-value is by default only estimated for the
# first stereo configuration. If specified by yawVariable, the range is used for every new configuration.
# If the range (difference between both values) is 0, the yaw angle will be kept fixed at the given start value for yaw.
yawRange:
   first: 0
   second: 0
# Use the specified tx-range for every new stereo configuration (not only for the first) where tx should change (depends on txChangeFRate).
# If this value is 1, an optimal value is selected within the given range for every new changed stereo configuration to meet a
# specific image overlap between the 2 stereo cameras. Otherwise set the value to 0.
txVariable: 0
# Use the specified ty-range for every new stereo configuration (not only for the first) where ty should change (depends on tyChangeFRate).
# If this value is 1, an optimal value is selected within the given range for every new changed stereo configuration to meet a
# specific image overlap between the 2 stereo cameras. Otherwise set the value to 0.
tyVariable: 0
# Use the specified tz-range for every new stereo configuration (not only for the first) where tz should change (depends on tzChangeFRate).
# If this value is 1, an optimal value is selected within the given range for every new changed stereo configuration to meet a
# specific image overlap between the 2 stereo cameras. Otherwise set the value to 0.
tzVariable: 0
# Use the specified roll-range for every new stereo configuration (not only for the first) where the roll angle should change (depends on rollChangeFRate).
# If this value is 1, an optimal value is selected within the given range for every new changed stereo configuration to meet a
# specific image overlap between the 2 stereo cameras. Otherwise set the value to 0.
rollVariable: 0
# Use the specified pitch-range for every new stereo configuration (not only for the first) where the pitch angle should change (depends on pitchChangeFRate).
# If this value is 1, an optimal value is selected within the given range for every new changed stereo configuration to meet a
# specific image overlap between the 2 stereo cameras. Otherwise set the value to 0.
pitchVariable: 0
# Use the specified yaw-range for every new stereo configuration (not only for the first) where the yaw angle should change (depends on yawChangeFRate).
# If this value is 1, an optimal value is selected within the given range for every new changed stereo configuration to meet a
# specific image overlap between the 2 stereo cameras. Otherwise set the value to 0.
yawVariable: 0
# Set this variable to 1 if you want to use your own extrinsic and intrinsic camera parameters (set them in specificCamPars).
# Otherwise, set this value to 0.
useSpecificCamPars: 1
# Input for specific extrinsic and intrinsic stereo camera parameters. The translation vectors must include the scale factor.
# Rotation matrices must be generated by R = R_y * R_z * R_x (right handed coordinate system, x-axis: right, y-axis: down, z-axis: forward); x2 = R * x1 + t.
# Every list element specifies a new stereo pair. To use these parameters,useSpecificCamPars must be set to 1.
# Currently there is only support for different extrinsics. The camera matrices stay the same as for the first stereo configuration
# regardless of what is entered for the camera matrices in the subsequent configurations.
# The update frequence (in frames) is calculated by nrTotalFrames devided by the number of entered stereo configurations (here) or nrStereoConfigs (whatever value is smaller; nrStereoConfigs is not allowed to be larger than the number of entries entered here).
specificCamPars:
  - K1: !!opencv-matrix
      cols: 3
      data: [640.0000011487338, 0.0, 640.0, 0.0, 640.0000011487338, 360.0, 0.0, 0.0,
        1.0]
      dt: d
      rows: 3
    K2: !!opencv-matrix
      cols: 3
      data: [640.0000011487338, 0.0, 640.0, 0.0, 640.0000011487338, 360.0, 0.0, 0.0,
        1.0]
      dt: d
      rows: 3
    R: !!opencv-matrix
      cols: 3
      data: [0.9955306965572721, -0.007312886417548915, 0.09415494625582173, 0.01308959555638825,
        0.9980590999982775, -0.06088263626682522, -0.09352697311665137, 0.06184298345707772,
        0.9936941937521647]
      dt: d
      rows: 3
    t: !!opencv-matrix
      cols: 1
      data: [-1.0, -0.2, 0.03747264663660141]
      dt: d
      rows: 3
  - K1: !!opencv-matrix
      cols: 3
      data: [640.0000011487338, 0.0, 640.0, 0.0, 640.0000011487338, 360.0, 0.0, 0.0,
        1.0]
      dt: d
      rows: 3
    K2: !!opencv-matrix
      cols: 3
      data: [640.0000011487338, 0.0, 640.0, 0.0, 640.0000011487338, 360.0, 0.0, 0.0,
        1.0]
      dt: d
      rows: 3
    R: !!opencv-matrix
      cols: 3
      data: [0.9955446280844676, -0.007203213720248531, 0.09401599440658748, 0.012958706965362998,
        0.998068762673778, -0.060752093697415285, -0.09339681689407256, 0.0616997462469182,
        0.9937153394746007]
      dt: d
      rows: 3
    t: !!opencv-matrix
      cols: 1
      data: [-0.99985, -0.19985, 0.037622646636601406]
      dt: d
      rows: 3
  - K1: !!opencv-matrix
      cols: 3
      data: [640.0000011487338, 0.0, 640.0, 0.0, 640.0000011487338, 360.0, 0.0, 0.0,
        1.0]
      dt: d
      rows: 3
    K2: !!opencv-matrix
      cols: 3
      data: [640.0000011487338, 0.0, 640.0, 0.0, 640.0000011487338, 360.0, 0.0, 0.0,
        1.0]
      dt: d
      rows: 3
    R: !!opencv-matrix
      cols: 3
      data: [0.9955585255363667, -0.007093501233760525, 0.093877071066912, 0.012827818152293806,
        0.9980783911729831, -0.06062154860279647, -0.09326665702868893, 0.06155653753904756,
        0.9937364456297739]
      dt: d
      rows: 3
    t: !!opencv-matrix
      cols: 1
      data: [-0.9997, -0.1997, 0.037772646636601404]
      dt: d
      rows: 3
  - K1: !!opencv-matrix
      cols: 3
      data: [640.0000011487338, 0.0, 640.0, 0.0, 640.0000011487338, 360.0, 0.0, 0.0,
        1.0]
      dt: d
      rows: 3
    K2: !!opencv-matrix
      cols: 3
      data: [640.0000011487338, 0.0, 640.0, 0.0, 640.0000011487338, 360.0, 0.0, 0.0,
        1.0]
      dt: d
      rows: 3
    R: !!opencv-matrix
      cols: 3
      data: [0.995572388912017, -0.006983748972201437, 0.09373817624806287, 0.012696929119423416,
        0.998087985495233, -0.06049100099191621, -0.09313649352942142, 0.061413357344806886,
        0.9937575122295595]
      dt: d
      rows: 3
    t: !!opencv-matrix
      cols: 1
      data: [-0.99955, -0.19954999999999998, 0.0379226466366014]
      dt: d
      rows: 3
  - K1: !!opencv-matrix
      cols: 3
      data: [640.0000011487338, 0.0, 640.0, 0.0, 640.0000011487338, 360.0, 0.0, 0.0,
        1.0]
      dt: d
      rows: 3
    K2: !!opencv-matrix
      cols: 3
      data: [640.0000011487338, 0.0, 640.0, 0.0, 640.0000011487338, 360.0, 0.0, 0.0,
        1.0]
      dt: d
      rows: 3
    R: !!opencv-matrix
      cols: 3
      data: [0.9955862182104681, -0.006873956949691088, 0.09359930996130232, 0.012566039868994574,
        0.9980975456398697, -0.06036045087372208, -0.09300632640519134, 0.06127020567553182,
        0.9937785392858356]
      dt: d
      rows: 3
    t: !!opencv-matrix
      cols: 1
      data: [-0.9994000000000001, -0.19939999999999997, 0.0380726466366014]
      dt: d
      rows: 3
  - K1: !!opencv-matrix
      cols: 3
      data: [640.0000011487338, 0.0, 640.0, 0.0, 640.0000011487338, 360.0, 0.0, 0.0,
        1.0]
      dt: d
      rows: 3
    K2: !!opencv-matrix
      cols: 3
      data: [640.0000011487338, 0.0, 640.0, 0.0, 640.0000011487338, 360.0, 0.0, 0.0,
        1.0]
      dt: d
      rows: 3
    R: !!opencv-matrix
      cols: 3
      data: [0.9956000134307723, -0.006764125180352608, 0.09346047221788717, 0.012435150403250033,
        0.9981070716062382, -0.06022989825716185, -0.0928761556649202, 0.06112708254255259,
        0.9937995268104837]
      dt: d
      rows: 3
    t: !!opencv-matrix
      cols: 1
      data: [-0.9992500000000001, -0.19924999999999995, 0.038222646636601396]
      dt: d
      rows: 3
  - K1: !!opencv-matrix
      cols: 3
      data: [640.0000011487338, 0.0, 640.0, 0.0, 640.0000011487338, 360.0, 0.0, 0.0,
        1.0]
      dt: d
      rows: 3
    K2: !!opencv-matrix
      cols: 3
      data: [640.0000011487338, 0.0, 640.0, 0.0, 640.0000011487338, 360.0, 0.0, 0.0,
        1.0]
      dt: d
      rows: 3
    R: !!opencv-matrix
      cols: 3
      data: [0.9956137745719841, -0.006654253678312431, 0.09332166302906876, 0.012304260724432553,
        0.9981165633936858, -0.06009934315118346, -0.09274598131752976, 0.06098398795719399,
        0.9938204748153889]
      dt: d
      rows: 3
    t: !!opencv-matrix
      cols: 1
      data: [-0.9991000000000001, -0.19909999999999994, 0.03837264663660139]
      dt: d
      rows: 3
  - K1: !!opencv-matrix
      cols: 3
      data: [640.0000011487338, 0.0, 640.0, 0.0, 640.0000011487338, 360.0, 0.0, 0.0,
        1.0]
      dt: d
      rows: 3
    K2: !!opencv-matrix
      cols: 3
      data: [640.0000011487338, 0.0, 640.0, 0.0, 640.0000011487338, 360.0, 0.0, 0.0,
        1.0]
      dt: d
      rows: 3
    R: !!opencv-matrix
      cols: 3
      data: [0.9956275016331603, -0.006544342457700267, 0.09318288240609301, 0.01217337083478489,
        0.9981260210015614, -0.05996878556473501, -0.092615803371942, 0.06084092193077538,
        0.9938413833124394]
      dt: d
      rows: 3
    t: !!opencv-matrix
      cols: 1
      data: [-0.9989500000000001, -0.19894999999999993, 0.03852264663660139]
      dt: d
      rows: 3
  - K1: !!opencv-matrix
      cols: 3
      data: [640.0000011487338, 0.0, 640.0, 0.0, 640.0000011487338, 360.0, 0.0, 0.0,
        1.0]
      dt: d
      rows: 3
    K2: !!opencv-matrix
      cols: 3
      data: [640.0000011487338, 0.0, 640.0, 0.0, 640.0000011487338, 360.0, 0.0, 0.0,
        1.0]
      dt: d
      rows: 3
    R: !!opencv-matrix
      cols: 3
      data: [0.9956411946133601, -0.006434391532649127, 0.09304413036020046, 0.012042480736549805,
        0.9981354444292175, -0.05983822550676478, -0.09248562183707926, 0.06069788447461066,
        0.9938622523135264]
      dt: d
      rows: 3
    t: !!opencv-matrix
      cols: 1
      data: [-0.9988000000000001, -0.19879999999999992, 0.03867264663660139]
      dt: d
      rows: 3
  - K1: !!opencv-matrix
      cols: 3
      data: [640.0000011487338, 0.0, 640.0, 0.0, 640.0000011487338, 360.0, 0.0, 0.0,
        1.0]
      dt: d
      rows: 3
    K2: !!opencv-matrix
      cols: 3
      data: [640.0000011487338, 0.0, 640.0, 0.0, 640.0000011487338, 360.0, 0.0, 0.0,
        1.0]
      dt: d
      rows: 3
    R: !!opencv-matrix
      cols: 3
      data: [0.9956548535116447, -0.006324400917295308, 0.09290540690262611, 0.011911590431970065,
        0.9981448336760075, -0.05970766298622121, -0.09235543672186391, 0.06055487560000834,
        0.9938830818305449]
      dt: d
      rows: 3
    t: !!opencv-matrix
      cols: 1
      data: [-0.9986500000000001, -0.1986499999999999, 0.038822646636601385]
      dt: d
      rows: 3
  - K1: !!opencv-matrix
      cols: 3
      data: [640.0000011487338, 0.0, 640.0, 0.0, 640.0000011487338, 360.0, 0.0, 0.0,
        1.0]
      dt: d
      rows: 3
    K2: !!opencv-matrix
      cols: 3
      data: [640.0000011487338, 0.0, 640.0, 0.0, 640.0000011487338, 360.0, 0.0, 0.0,
        1.0]
      dt: d
      rows: 3
    R: !!opencv-matrix
      cols: 3
      data: [0.9956684783270784, -0.006214370625778401, 0.09276671204459963, 0.011780699923288444,
        0.9981541887412884, -0.05957709801205291, -0.09222524803521882, 0.06041189531827147,
        0.9939038718753924]
      dt: d
      rows: 3
    t: !!opencv-matrix
      cols: 1
      data: [-0.9985000000000002, -0.1984999999999999, 0.03897264663660138]
      dt: d
      rows: 3
  - K1: !!opencv-matrix
      cols: 3
      data: [640.0000011487338, 0.0, 640.0, 0.0, 640.0000011487338, 360.0, 0.0, 0.0,
        1.0]
      dt: d
      rows: 3
    K2: !!opencv-matrix
      cols: 3
      data: [640.0000011487338, 0.0, 640.0, 0.0, 640.0000011487338, 360.0, 0.0, 0.0,
        1.0]
      dt: d
      rows: 3
    R: !!opencv-matrix
      cols: 3
      data: [0.9956820690587271, -0.006104300672241275, 0.09262804579734517, 0.011649809212747714,
        0.9981635096244188, -0.05944653059320868, -0.09209505578606692, 0.06026894364069766,
        0.9939246224599708]
      dt: d
      rows: 3
    t: !!opencv-matrix
      cols: 1
      data: [-0.9983500000000002, -0.1983499999999999, 0.03912264663660138]
      dt: d
      rows: 3
  - K1: !!opencv-matrix
      cols: 3
      data: [640.0000011487338, 0.0, 640.0, 0.0, 640.0000011487338, 360.0, 0.0, 0.0,
        1.0]
      dt: d
      rows: 3
    K2: !!opencv-matrix
      cols: 3
      data: [640.0000011487338, 0.0, 640.0, 0.0, 640.0000011487338, 360.0, 0.0, 0.0,
        1.0]
      dt: d
      rows: 3
    R: !!opencv-matrix
      cols: 3
      data: [0.9956956257056594, -0.0059941910708300825, 0.09248940817208148, 0.01151891830259065,
        0.9981727963247599, -0.059315960738637444, -0.09196485998333144, 0.060126020578579104,
        0.9939453335961845]
      dt: d
      rows: 3
    t: !!opencv-matrix
      cols: 1
      data: [-0.9982000000000002, -0.19819999999999988, 0.03927264663660138]
      dt: d
      rows: 3
  - K1: !!opencv-matrix
      cols: 3
      data: [640.0000011487338, 0.0, 640.0, 0.0, 640.0000011487338, 360.0, 0.0, 0.0,
        1.0]
      dt: d
      rows: 3
    K2: !!opencv-matrix
      cols: 3
      data: [640.0000011487338, 0.0, 640.0, 0.0, 640.0000011487338, 360.0, 0.0, 0.0,
        1.0]
      dt: d
      rows: 3
    R: !!opencv-matrix
      cols: 3
      data: [0.995709148266946, -0.0058840418356942495, 0.09235079918002194, 0.011388027195060033,
        0.9981820488416752, -0.059185388457288345, -0.0918346606359359, 0.05998312614320253,
        0.9939660052959411]
      dt: d
      rows: 3
    t: !!opencv-matrix
      cols: 1
      data: [-0.9980500000000002, -0.19804999999999987, 0.039422646636601374]
      dt: d
      rows: 3
  - K1: !!opencv-matrix
      cols: 3
      data: [640.0000011487338, 0.0, 640.0, 0.0, 640.0000011487338, 360.0, 0.0, 0.0,
        1.0]
      dt: d
      rows: 3
    K2: !!opencv-matrix
      cols: 3
      data: [640.0000011487338, 0.0, 640.0, 0.0, 640.0000011487338, 360.0, 0.0, 0.0,
        1.0]
      dt: d
      rows: 3
    R: !!opencv-matrix
      cols: 3
      data: [0.9957226367416603, -0.005773852980986497, 0.09221221883237433, 0.011257135892398646,
        0.9981912671745305, -0.05905481375811064, -0.09170445775280398, 0.059840260345849244,
        0.9939866375711524]
      dt: d
      rows: 3
    t: !!opencv-matrix
      cols: 1
      data: [-0.9979000000000002, -0.19789999999999985, 0.03957264663660137]
      dt: d
      rows: 3
  - K1: !!opencv-matrix
      cols: 3
      data: [640.0000011487338, 0.0, 640.0, 0.0, 640.0000011487338, 360.0, 0.0, 0.0,
        1.0]
      dt: d
      rows: 3
    K2: !!opencv-matrix
      cols: 3
      data: [640.0000011487338, 0.0, 640.0, 0.0, 640.0000011487338, 360.0, 0.0, 0.0,
        1.0]
      dt: d
      rows: 3
    R: !!opencv-matrix
      cols: 3
      data: [0.9957360911288775, -0.0056636245208628085, 0.09207366714034115, 0.01112624439684928,
        0.9982004513226941, -0.058924236650053814, -0.09157425134285967, 0.05969742319779512,
        0.9940072304337318]
      dt: d
      rows: 3
    t: !!opencv-matrix
      cols: 1
      data: [-0.9977500000000002, -0.19774999999999984, 0.03972264663660137]
      dt: d
      rows: 3
  - K1: !!opencv-matrix
      cols: 3
      data: [640.0000011487338, 0.0, 640.0, 0.0, 640.0000011487338, 360.0, 0.0, 0.0,
        1.0]
      dt: d
      rows: 3
    K2: !!opencv-matrix
      cols: 3
      data: [640.0000011487338, 0.0, 640.0, 0.0, 640.0000011487338, 360.0, 0.0, 0.0,
        1.0]
      dt: d
      rows: 3
    R: !!opencv-matrix
      cols: 3
      data: [0.9957495114276759, -0.005553356469482442, 0.09193514411511937, 0.01099535271065472,
        0.9982096012855363, -0.05879365714206744, -0.09144404141502718, 0.05955461471031055,
        0.9940277838955978]
      dt: d
      rows: 3
    t: !!opencv-matrix
      cols: 1
      data: [-0.9976000000000003, -0.19759999999999983, 0.03987264663660137]
      dt: d
      rows: 3
  - K1: !!opencv-matrix
      cols: 3
      data: [640.0000011487338, 0.0, 640.0, 0.0, 640.0000011487338, 360.0, 0.0, 0.0,
        1.0]
      dt: d
      rows: 3
    K2: !!opencv-matrix
      cols: 3
      data: [640.0000011487338, 0.0, 640.0, 0.0, 640.0000011487338, 360.0, 0.0, 0.0,
        1.0]
      dt: d
      rows: 3
    R: !!opencv-matrix
      cols: 3
      data: [0.9957628976371352, -0.00544304884100793, 0.0917966497679005, 0.010864460836057762,
        0.9982187170624301, -0.058663075243101326, -0.09131382797823094, 0.05941183489466053,
        0.9940482979686709]
      dt: d
      rows: 3
    t: !!opencv-matrix
      cols: 1
      data: [-0.9974500000000003, -0.19744999999999982, 0.040022646636601364]
      dt: d
      rows: 3
  - K1: !!opencv-matrix
      cols: 3
      data: [640.0000011487338, 0.0, 640.0, 0.0, 640.0000011487338, 360.0, 0.0, 0.0,
        1.0]
      dt: d
      rows: 3
    K2: !!opencv-matrix
      cols: 3
      data: [640.0000011487338, 0.0, 640.0, 0.0, 640.0000011487338, 360.0, 0.0, 0.0,
        1.0]
      dt: d
      rows: 3
    R: !!opencv-matrix
      cols: 3
      data: [0.9957762497563383, -0.005332701649605077, 0.09165818410987067, 0.010733568775301204,
        0.9982277986527508, -0.058532490962105395, -0.09118361104139563, 0.05926908376210459,
        0.9940687726648756]
      dt: d
      rows: 3
    t: !!opencv-matrix
      cols: 1
      data: [-0.9973000000000003, -0.1972999999999998, 0.04017264663660136]
      dt: d
      rows: 3
  - K1: !!opencv-matrix
      cols: 3
      data: [640.0000011487338, 0.0, 640.0, 0.0, 640.0000011487338, 360.0, 0.0, 0.0,
        1.0]
      dt: d
      rows: 3
    K2: !!opencv-matrix
      cols: 3
      data: [640.0000011487338, 0.0, 640.0, 0.0, 640.0000011487338, 360.0, 0.0, 0.0,
        1.0]
      dt: d
      rows: 3
    R: !!opencv-matrix
      cols: 3
      data: [0.9957895677843698, -0.005222314909442944, 0.09151974715221058, 0.010602676530627846,
        0.9982368460558759, -0.05840190430802976, -0.09105339061344622, 0.05912636132389682,
        0.9940892079961391]
      dt: d
      rows: 3
    t: !!opencv-matrix
      cols: 1
      data: [-0.9971500000000003, -0.1971499999999998, 0.04032264663660136]
      dt: d
      rows: 3
  - K1: !!opencv-matrix
      cols: 3
      data: [640.0000011487338, 0.0, 640.0, 0.0, 640.0000011487338, 360.0, 0.0, 0.0,
        1.0]
      dt: d
      rows: 3
    K2: !!opencv-matrix
      cols: 3
      data: [640.0000011487338, 0.0, 640.0, 0.0, 640.0000011487338, 360.0, 0.0, 0.0,
        1.0]
      dt: d
      rows: 3
    R: !!opencv-matrix
      cols: 3
      data: [0.9958028517203171, -0.005111888634693872, 0.09138133890609536, 0.01047178410428049,
        0.9982458592711854, -0.0582713152898247, -0.09092316670330786, 0.05898366759128587,
        0.9941096039743923]
      dt: d
      rows: 3
    t: !!opencv-matrix
      cols: 1
      data: [-0.9970000000000003, -0.1969999999999998, 0.040472646636601356]
      dt: d
      rows: 3
  - K1: !!opencv-matrix
      cols: 3
      data: [640.0000011487338, 0.0, 640.0, 0.0, 640.0000011487338, 360.0, 0.0, 0.0,
        1.0]
      dt: d
      rows: 3
    K2: !!opencv-matrix
      cols: 3
      data: [640.0000011487338, 0.0, 640.0, 0.0, 640.0000011487338, 360.0, 0.0, 0.0,
        1.0]
      dt: d
      rows: 3
    R: !!opencv-matrix
      cols: 3
      data: [0.9958161015632697, -0.00500142283953345, 0.09124295938269487, 0.010340891498501942,
        0.9982548382980614, -0.05814072391644062, -0.09079293931990595, 0.058841002575514924,
        0.9941299606115692]
      dt: d
      rows: 3
    t: !!opencv-matrix
      cols: 1
      data: [-0.9968500000000003, -0.19684999999999978, 0.04062264663660135]
      dt: d
      rows: 3
  - K1: !!opencv-matrix
      cols: 3
      data: [640.0000011487338, 0.0, 640.0, 0.0, 640.0000011487338, 360.0, 0.0, 0.0,
        1.0]
      dt: d
      rows: 3
    K2: !!opencv-matrix
      cols: 3
      data: [640.0000011487338, 0.0, 640.0, 0.0, 640.0000011487338, 360.0, 0.0, 0.0,
        1.0]
      dt: d
      rows: 3
    R: !!opencv-matrix
      cols: 3
      data: [0.9958293173123193, -0.004890917538140535, 0.09110460859317335, 0.010209998715535013,
        0.9982637831358883, -0.05801013019682813, -0.0906627084721661, 0.05869836628782174,
        0.9941502779196069]
      dt: d
      rows: 3
    t: !!opencv-matrix
      cols: 1
      data: [-0.9967000000000004, -0.19669999999999976, 0.04077264663660135]
      dt: d
      rows: 3
  - K1: !!opencv-matrix
      cols: 3
      data: [640.0000011487338, 0.0, 640.0, 0.0, 640.0000011487338, 360.0, 0.0, 0.0,
        1.0]
      dt: d
      rows: 3
    K2: !!opencv-matrix
      cols: 3
      data: [640.0000011487338, 0.0, 640.0, 0.0, 640.0000011487338, 360.0, 0.0, 0.0,
        1.0]
      dt: d
      rows: 3
    R: !!opencv-matrix
      cols: 3
      data: [0.9958424989665602, -0.004780372744697241, 0.0909662865486897, 0.010079105757622516,
        0.9982726937840534, -0.05787953413993799, -0.09053247416901423, 0.058555758739438614,
        0.9941705559104461]
      dt: d
      rows: 3
    t: !!opencv-matrix
      cols: 1
      data: [-0.9965500000000004, -0.19654999999999975, 0.04092264663660135]
      dt: d
      rows: 3
  - K1: !!opencv-matrix
      cols: 3
      data: [640.0000011487338, 0.0, 640.0, 0.0, 640.0000011487338, 360.0, 0.0, 0.0,
        1.0]
      dt: d
      rows: 3
    K2: !!opencv-matrix
      cols: 3
      data: [640.0000011487338, 0.0, 640.0, 0.0, 640.0000011487338, 360.0, 0.0, 0.0,
        1.0]
      dt: d
      rows: 3
    R: !!opencv-matrix
      cols: 3
      data: [0.9958556465250891, -0.004669788473388937, 0.09082799326039737, 0.009948212627007263,
        0.9982815702419459, -0.05774893575472109, -0.09040223641937647, 0.05841317994159241,
        0.9941907945960304]
      dt: d
      rows: 3
    t: !!opencv-matrix
      cols: 1
      data: [-0.9964000000000004, -0.19639999999999974, 0.041072646636601345]
      dt: d
      rows: 3
  - K1: !!opencv-matrix
      cols: 3
      data: [640.0000011487338, 0.0, 640.0, 0.0, 640.0000011487338, 360.0, 0.0, 0.0,
        1.0]
      dt: d
      rows: 3
    K2: !!opencv-matrix
      cols: 3
      data: [640.0000011487338, 0.0, 640.0, 0.0, 640.0000011487338, 360.0, 0.0, 0.0,
        1.0]
      dt: d
      rows: 3
    R: !!opencv-matrix
      cols: 3
      data: [0.9958687599870045, -0.00455916473840424, 0.09068972873944427, 0.009817319325932076,
        0.9982904125089571, -0.05761833505012852, -0.09027199523217914, 0.05827062990550453,
        0.9942109939883068]
      dt: d
      rows: 3
    t: !!opencv-matrix
      cols: 1
      data: [-0.9962500000000004, -0.19624999999999973, 0.04122264663660134]
      dt: d
      rows: 3
  - K1: !!opencv-matrix
      cols: 3
      data: [640.0000011487338, 0.0, 640.0, 0.0, 640.0000011487338, 360.0, 0.0, 0.0,
        1.0]
      dt: d
      rows: 3
    K2: !!opencv-matrix
      cols: 3
      data: [640.0000011487338, 0.0, 640.0, 0.0, 640.0000011487338, 360.0, 0.0, 0.0,
        1.0]
      dt: d
      rows: 3
    R: !!opencv-matrix
      cols: 3
      data: [0.9958818393514082, -0.0044485015539350355, 0.09055149299697296, 0.009686425856639775,
        0.9982992205844814, -0.0574877320351115, -0.09014175061634885, 0.058128108642390916,
        0.9942311540992257]
      dt: d
      rows: 3
    t: !!opencv-matrix
      cols: 1
      data: [-0.9961000000000004, -0.19609999999999972, 0.04137264663660134]
      dt: d
      rows: 3
  - K1: !!opencv-matrix
      cols: 3
      data: [640.0000011487338, 0.0, 640.0, 0.0, 640.0000011487338, 360.0, 0.0, 0.0,
        1.0]
      dt: d
      rows: 3
    K2: !!opencv-matrix
      cols: 3
      data: [640.0000011487338, 0.0, 640.0, 0.0, 640.0000011487338, 360.0, 0.0, 0.0,
        1.0]
      dt: d
      rows: 3
    R: !!opencv-matrix
      cols: 3
      data: [0.995894884617403, -0.004337798934176434, 0.09041328604412054, 0.009555532221373182,
        0.9983079944679147, -0.05735712671862143, -0.09001150258081242, 0.05798561616346208,
        0.9942512749407405]
      dt: d
      rows: 3
    t: !!opencv-matrix
      cols: 1
      data: [-0.9959500000000004, -0.1959499999999997, 0.04152264663660134]
      dt: d
      rows: 3
  - K1: !!opencv-matrix
      cols: 3
      data: [640.0000011487338, 0.0, 640.0, 0.0, 640.0000011487338, 360.0, 0.0, 0.0,
        1.0]
      dt: d
      rows: 3
    K2: !!opencv-matrix
      cols: 3
      data: [640.0000011487338, 0.0, 640.0, 0.0, 640.0000011487338, 360.0, 0.0, 0.0,
        1.0]
      dt: d
      rows: 3
    R: !!opencv-matrix
      cols: 3
      data: [0.9959078957840956, -0.004227056893326817, 0.09027510789201858, 0.00942463842237513,
        0.9983167341586562, -0.05722651910960983, -0.08988125113449694, 0.05784315247992304,
        0.994271356524808]
      dt: d
      rows: 3
    t: !!opencv-matrix
      cols: 1
      data: [-0.9958000000000005, -0.1957999999999997, 0.041672646636601335]
      dt: d
      rows: 3
  - K1: !!opencv-matrix
      cols: 3
      data: [640.0000011487338, 0.0, 640.0, 0.0, 640.0000011487338, 360.0, 0.0, 0.0,
        1.0]
      dt: d
      rows: 3
    K2: !!opencv-matrix
      cols: 3
      data: [640.0000011487338, 0.0, 640.0, 0.0, 640.0000011487338, 360.0, 0.0, 0.0,
        1.0]
      dt: d
      rows: 3
    R: !!opencv-matrix
      cols: 3
      data: [0.9959208728505937, -0.004116275445587792, 0.09013695855179324, 0.009293744461888444,
        0.9983254396561064, -0.05709590921702845, -0.08975099628632964, 0.05770071760297343,
        0.9942913988633881]
      dt: d
      rows: 3
    t: !!opencv-matrix
      cols: 1
      data: [-0.9956500000000005, -0.19564999999999969, 0.04182264663660133]
      dt: d
      rows: 3
  - K1: !!opencv-matrix
      cols: 3
      data: [640.0000011487338, 0.0, 640.0, 0.0, 640.0000011487338, 360.0, 0.0, 0.0,
        1.0]
      dt: d
      rows: 3
    K2: !!opencv-matrix
      cols: 3
      data: [640.0000011487338, 0.0, 640.0, 0.0, 640.0000011487338, 360.0, 0.0, 0.0,
        1.0]
      dt: d
      rows: 3
    R: !!opencv-matrix
      cols: 3
      data: [0.9959338158160079, -0.004005454605164216, 0.08999883803456522, 0.009162850342155957,
        0.9983341109596686, -0.05696529704982912, -0.0896207380452381, 0.05755831154380734,
        0.994311401968444]
      dt: d
      rows: 3
    t: !!opencv-matrix
      cols: 1
      data: [-0.9955000000000005, -0.19549999999999967, 0.04197264663660133]
      dt: d
      rows: 3
  - K1: !!opencv-matrix
      cols: 3
      data: [640.0000011487338, 0.0, 640.0, 0.0, 640.0000011487338, 360.0, 0.0, 0.0,
        1.0]
      dt: d
      rows: 3
    K2: !!opencv-matrix
      cols: 3
      data: [640.0000011487338, 0.0, 640.0, 0.0, 640.0000011487338, 360.0, 0.0, 0.0,
        1.0]
      dt: d
      rows: 3
    R: !!opencv-matrix
      cols: 3
      data: [0.9959467246794513, -0.0038945943862641903, 0.0898607463514498, 0.009031956065420505,
        0.9983427480687489, -0.05683468261696385, -0.08949047642015005, 0.057415934313613484,
        0.9943313658519424]
      dt: d
      rows: 3
    t: !!opencv-matrix
      cols: 1
      data: [-0.9953500000000005, -0.19534999999999966, 0.04212264663660133]
      dt: d
      rows: 3
  - K1: !!opencv-matrix
      cols: 3
      data: [640.0000011487338, 0.0, 640.0, 0.0, 640.0000011487338, 360.0, 0.0, 0.0,
        1.0]
      dt: d
      rows: 3
    K2: !!opencv-matrix
      cols: 3
      data: [640.0000011487338, 0.0, 640.0, 0.0, 640.0000011487338, 360.0, 0.0, 0.0,
        1.0]
      dt: d
      rows: 3
    R: !!opencv-matrix
      cols: 3
      data: [0.9959595994400392, -0.003783694803099048, 0.08972268351355675, 0.008901061633924926,
        0.998351350982755, -0.056704065927384834, -0.08936021141999351, 0.05727358592357508,
        0.9943512905258529]
      dt: d
      rows: 3
    t: !!opencv-matrix
      cols: 1
      data: [-0.9952000000000005, -0.19519999999999965, 0.042272646636601324]
      dt: d
      rows: 3
  - K1: !!opencv-matrix
      cols: 3
      data: [640.0000011487338, 0.0, 640.0, 0.0, 640.0000011487338, 360.0, 0.0, 0.0,
        1.0]
      dt: d
      rows: 3
    K2: !!opencv-matrix
      cols: 3
      data: [640.0000011487338, 0.0, 640.0, 0.0, 640.0000011487338, 360.0, 0.0, 0.0,
        1.0]
      dt: d
      rows: 3
    R: !!opencv-matrix
      cols: 3
      data: [0.9959724400968888, -0.0036727558698833596, 0.08958464953199041, 0.008770167049912063,
        0.9983599197010972, -0.05657344699004439, -0.08922994305369666, 0.057131266384869886,
        0.9943711760021481]
      dt: d
      rows: 3
    t: !!opencv-matrix
      cols: 1
      data: [-0.9950500000000005, -0.19504999999999964, 0.04242264663660132]
      dt: d
      rows: 3
  - K1: !!opencv-matrix
      cols: 3
      data: [640.0000011487338, 0.0, 640.0, 0.0, 640.0000011487338, 360.0, 0.0, 0.0,
        1.0]
      dt: d
      rows: 3
    K2: !!opencv-matrix
      cols: 3
      data: [640.0000011487338, 0.0, 640.0, 0.0, 640.0000011487338, 360.0, 0.0, 0.0,
        1.0]
      dt: d
      rows: 3
    R: !!opencv-matrix
      cols: 3
      data: [0.9959852466491202, -0.003561777600834928, 0.08944664441784964, 0.008639272315624754,
        0.9983684542231884, -0.05644282581389501, -0.08909967133018798, 0.05698897570867022,
        0.9943910222928045]
      dt: d
      rows: 3
    t: !!opencv-matrix
      cols: 1
      data: [-0.9949000000000006, -0.19489999999999963, 0.04257264663660132]
      dt: d
      rows: 3
  - K1: !!opencv-matrix
      cols: 3
      data: [640.0000011487338, 0.0, 640.0, 0.0, 640.0000011487338, 360.0, 0.0, 0.0,
        1.0]
      dt: d
      rows: 3
    K2: !!opencv-matrix
      cols: 3
      data: [640.0000011487338, 0.0, 640.0, 0.0, 640.0000011487338, 360.0, 0.0, 0.0,
        1.0]
      dt: d
      rows: 3
    R: !!opencv-matrix
      cols: 3
      data: [0.995998019095856, -0.0034507600101747974, 0.08930866818222791, 0.00850837743330585,
        0.9983769545484438, -0.0563122024078893, -0.08896939625839617, 0.05684671390614289,
        0.9944108294098017]
      dt: d
      rows: 3
    t: !!opencv-matrix
      cols: 1
      data: [-0.9947500000000006, -0.19474999999999962, 0.042722646636601316]
      dt: d
      rows: 3
  - K1: !!opencv-matrix
      cols: 3
      data: [640.0000011487338, 0.0, 640.0, 0.0, 640.0000011487338, 360.0, 0.0, 0.0,
        1.0]
      dt: d
      rows: 3
    K2: !!opencv-matrix
      cols: 3
      data: [640.0000011487338, 0.0, 640.0, 0.0, 640.0000011487338, 360.0, 0.0, 0.0,
        1.0]
      dt: d
      rows: 3
    R: !!opencv-matrix
      cols: 3
      data: [0.9960107574362203, -0.003339703112127222, 0.08917072083621308, 0.008377482405198197,
        0.9983854206762804, -0.05618157678098007, -0.08883911784725011, 0.05670448098844934,
        0.9944305973651218]
      dt: d
      rows: 3
    t: !!opencv-matrix
      cols: 1
      data: [-0.9946000000000006, -0.1945999999999996, 0.042872646636601314]
      dt: d
      rows: 3
  - K1: !!opencv-matrix
      cols: 3
      data: [640.0000011487338, 0.0, 640.0, 0.0, 640.0000011487338, 360.0, 0.0, 0.0,
        1.0]
      dt: d
      rows: 3
    K2: !!opencv-matrix
      cols: 3
      data: [640.0000011487338, 0.0, 640.0, 0.0, 640.0000011487338, 360.0, 0.0, 0.0,
        1.0]
      dt: d
      rows: 3
    R: !!opencv-matrix
      cols: 3
      data: [0.9960234616693401, -0.0032286069209196983, 0.08903280239088772, 0.008246587233544645,
        0.9983938526061182, -0.05605094894212025, -0.08870883610567895, 0.05656227696674544,
        0.9944503261707509]
      dt: d
      rows: 3
    t: !!opencv-matrix
      cols: 1
      data: [-0.9944500000000006, -0.1944499999999996, 0.04302264663660131]
      dt: d
      rows: 3
  - K1: !!opencv-matrix
      cols: 3
      data: [640.0000011487338, 0.0, 640.0, 0.0, 640.0000011487338, 360.0, 0.0, 0.0,
        1.0]
      dt: d
      rows: 3
    K2: !!opencv-matrix
      cols: 3
      data: [640.0000011487338, 0.0, 640.0, 0.0, 640.0000011487338, 360.0, 0.0, 0.0,
        1.0]
      dt: d
      rows: 3
    R: !!opencv-matrix
      cols: 3
      data: [0.9960361317943448, -0.0031174714507829484, 0.08889491285732878, 0.008115691920588052,
        0.9984022503373792, -0.05592031890026294, -0.08857855104261204, 0.05642010185218169,
        0.9944700158386781]
      dt: d
      rows: 3
    t: !!opencv-matrix
      cols: 1
      data: [-0.9943000000000006, -0.19429999999999958, 0.04317264663660131]
      dt: d
      rows: 3
  - K1: !!opencv-matrix
      cols: 3
      data: [640.0000011487338, 0.0, 640.0, 0.0, 640.0000011487338, 360.0, 0.0, 0.0,
        1.0]
      dt: d
      rows: 3
    K2: !!opencv-matrix
      cols: 3
      data: [640.0000011487338, 0.0, 640.0, 0.0, 640.0000011487338, 360.0, 0.0, 0.0,
        1.0]
      dt: d
      rows: 3
    R: !!opencv-matrix
      cols: 3
      data: [0.9960487678103661, -0.003006296715950902, 0.08875705224660795, 0.007984796468571267,
        0.998410613869488, -0.055789686664361356, -0.08844826266697906, 0.05627795565590306,
        0.9944896663808958]
      dt: d
      rows: 3
    t: !!opencv-matrix
      cols: 1
