%YAML:1.0
---
# This file contains user specific parameters used to generate multiple consecutive stereo frames with correspondences.
#
#
# Number of total frames. Max. 10000
nrTotalFrames: 200
# ---- Options for stereo extrinsics ----
#
#
# Number of different stereo configurations (max. 1000).
# The number of frames per camera configuration is controlled by the smallest number of the change rates (e.g. txChangeFRate) for tx, ty, tz, roll, pitch, and yaw.
nrStereoConfigs: 200
# Specifies after how many frames the x-component for the translation vector between the stereo cameras shall be changed linearly by a given value.
# Set this value to 0, if you do not want to change the x-component linearly.
txChangeFRate: 0
# Specifies after how many frames the y-component for the translation vector between the stereo cameras shall be changed linearly by a given value.
# Set this value to 0, if you do not want to change the y-component linearly.
tyChangeFRate: 0
# Specifies after how many frames the z-component for the translation vector between the stereo cameras shall be changed linearly by a given value.
# Set this value to 0, if you do not want to change the z-component linearly.
tzChangeFRate: 0
# Specifies after how many frames the roll angle (angle about x-axis) between the stereo cameras shall be changed linearly by a given value.
# Set this value to 0, if you do not want to change the roll linearly.
rollChangeFRate: 0
# Specifies after how many frames the pitch angle (angle about y-axis) between the stereo cameras shall be changed linearly by a given value.
# Set this value to 0, if you do not want to change the pitch linearly.
pitchChangeFRate: 0
# Specifies after how many frames the yaw angle (angle about z-axis) between the stereo cameras shall be changed linearly by a given value.
# Set this value to 0, if you do not want to change the yaw linearly.
yawChangeFRate: 1
# Linear change rate for tx (x-component of the translation vector between the stereo cameras).
txLinChangeVal: -1.0000000000000000e-02
# Linear change rate for ty (y-component of the translation vector between the stereo cameras).
tyLinChangeVal: 1.0000000000000000e-03
# Linear change rate for tz (z-component of the translation vector between the stereo cameras).
tzLinChangeVal: 5.0000000000000001e-04
# Linear change rate for the roll angle (angle in degrees about x-axis) between the stereo cameras.
rollLinChangeVal: 5.0000000000000000e-01
# Linear change rate for the pitch angle (angle in degrees about y-axis) between the stereo cameras.
pitchLinChangeVal: 1.0000000000000001e-01
# Linear change rate for the yaw angle (angle in degrees about z-axis) between the stereo cameras.
yawLinChangeVal: -2.5000000000000000e-02
# Start value for tx (x-component (right) of the translation vector between the stereo cameras).
# Only used if the specified range is 0.
txStartVal: -1.
# Start value for ty (y-component (down) of the translation vector between the stereo cameras).
# Only used if the specified range is 0.
tyStartVal: 1.0000000000000001e-01
# Start value for tz (z-component (forward) of the translation vector between the stereo cameras).
# Only used if the specified range is 0.
tzStartVal: 1.0000000000000000e-02
# Start value for the roll angle (angle in degrees about x-axis, right handed coordinate system, R = R_y * R_z * R_x) between the stereo cameras.
# Only used if the specified range is 0.
rollStartVal: 2.
# Start value for the pitch angle (angle in degrees about y-axis, right handed coordinate system, R = R_y * R_z * R_x) between the stereo cameras.
# Only used if the specified range is 0.
pitchStartVal: -8.1999999999999993e+00
# Start value for the yaw angle (angle in degrees about z-axis, right handed coordinate system, R = R_y * R_z * R_x) between the stereo cameras.
# Only used if the specified range is 0.
yawStartVal: 2.5
# Possible range of the initial tx (x-component (right) of the translation vector between the stereo cameras) to be able to meet a user specific image overlap.
# The optimal tx starting-value is by default only estimated for the first stereo configuration. If specified by txVariable, the range is used for every new configuration.
# If the range (difference between both values) is 0, tx will be kept fixed at the given start value for tx.
txRange:
   first: 0
   second: 0
# Possible range of the initial ty (y-component (down) of the translation vector between the stereo cameras) to be able to meet a user specific image overlap.
# The optimal ty starting-value is by default only estimated for the first stereo configuration. If specified by tyVariable, the range is used for every new configuration.
# If the range (difference between both values) is 0, ty will be kept fixed at the given start value for ty.
tyRange:
   first: -2.0000000000000001e-01
   second: 2.0000000000000001e-01
# Possible range of the initial tz (z-component (forward) of the translation vector between the stereo cameras) to be able to meet a user specific image overlap.
# The optimal tz starting-value is by default only estimated for the first stereo configuration. If specified by tzVariable, the range is used for every new configuration.
# If the range (difference between both values) is 0, tz will be kept fixed at the given start value for tz.
tzRange:
   first: -1.0000000000000001e-01
   second: 1.0000000000000001e-01
# Possible range for the initial roll angle (angle in degrees about x-axis between the stereo cameras, right handed coordinate system, R = R_y * R_z * R_x)
# to be able to meet a user specific image overlap. The optimal roll starting-value is by default only estimated for the
# first stereo configuration. If specified by rollVariable, the range is used for every new configuration.
# If the range (difference between both values) is 0, the roll angle will be kept fixed at the given start value for roll.
rollRange:
   first: -8.
   second: 8.
# Possible range for the initial pitch angle (angle in degrees about y-axis between the stereo cameras, right handed coordinate system, R = R_y * R_z * R_x)
# to be able to meet a user specific image overlap. The optimal pitch starting-value is by default only estimated for the
# first stereo configuration. If specified by pitchVariable, the range is used for every new configuration.
# If the range (difference between both values) is 0, the pitch angle will be kept fixed at the given start value for pitch.
pitchRange:
   first: -20.
   second: 20.
# Possible range for the initial yaw angle (angle in degrees about z-axis between the stereo cameras, right handed coordinate system, R = R_y * R_z * R_x)
# to be able to meet a user specific image overlap. The optimal yaw starting-value is by default only estimated for the
# first stereo configuration. If specified by yawVariable, the range is used for every new configuration.
# If the range (difference between both values) is 0, the yaw angle will be kept fixed at the given start value for yaw.
yawRange:
   first: 0
   second: 0
# Use the specified tx-range for every new stereo configuration (not only for the first) where tx should change (depends on txChangeFRate).
# If this value is 1, an optimal value is selected within the given range for every new changed stereo configuration to meet a
# specific image overlap between the 2 stereo cameras. Otherwise set the value to 0.
txVariable: 0
# Use the specified ty-range for every new stereo configuration (not only for the first) where ty should change (depends on tyChangeFRate).
# If this value is 1, an optimal value is selected within the given range for every new changed stereo configuration to meet a
# specific image overlap between the 2 stereo cameras. Otherwise set the value to 0.
tyVariable: 0
# Use the specified tz-range for every new stereo configuration (not only for the first) where tz should change (depends on tzChangeFRate).
# If this value is 1, an optimal value is selected within the given range for every new changed stereo configuration to meet a
# specific image overlap between the 2 stereo cameras. Otherwise set the value to 0.
tzVariable: 0
# Use the specified roll-range for every new stereo configuration (not only for the first) where the roll angle should change (depends on rollChangeFRate).
# If this value is 1, an optimal value is selected within the given range for every new changed stereo configuration to meet a
# specific image overlap between the 2 stereo cameras. Otherwise set the value to 0.
rollVariable: 0
# Use the specified pitch-range for every new stereo configuration (not only for the first) where the pitch angle should change (depends on pitchChangeFRate).
# If this value is 1, an optimal value is selected within the given range for every new changed stereo configuration to meet a
# specific image overlap between the 2 stereo cameras. Otherwise set the value to 0.
pitchVariable: 0
# Use the specified yaw-range for every new stereo configuration (not only for the first) where the yaw angle should change (depends on yawChangeFRate).
# If this value is 1, an optimal value is selected within the given range for every new changed stereo configuration to meet a
# specific image overlap between the 2 stereo cameras. Otherwise set the value to 0.
yawVariable: 0
# Set this variable to 1 if you want to use your own extrinsic and intrinsic camera parameters (set them in specificCamPars).
# Otherwise, set this value to 0.
useSpecificCamPars: 1
# Input for specific extrinsic and intrinsic stereo camera parameters. The translation vectors must include the scale factor.
# Rotation matrices must be generated by R = R_y * R_z * R_x (right handed coordinate system, x-axis: right, y-axis: down, z-axis: forward); x2 = R * x1 + t.
# Every list element specifies a new stereo pair. To use these parameters,useSpecificCamPars must be set to 1.
# Currently there is only support for different extrinsics. The camera matrices stay the same as for the first stereo configuration
# regardless of what is entered for the camera matrices in the subsequent configurations.
# The update frequence (in frames) is calculated by nrTotalFrames devided by the number of entered stereo configurations (here) or nrStereoConfigs (whatever value is smaller; nrStereoConfigs is not allowed to be larger than the number of entries entered here).
specificCamPars:
  - K1: !!opencv-matrix
      cols: 3
      data: [613.6170990574952, 0.0, 640.0, 0.0, 613.6170990574952, 360.0, 0.0, 0.0,
        1.0]
      dt: d
      rows: 3
    K2: !!opencv-matrix
      cols: 3
      data: [613.6170990574952, 0.0, 640.0, 0.0, 613.6170990574952, 360.0, 0.0, 0.0,
        1.0]
      dt: d
      rows: 3
    R: !!opencv-matrix
      cols: 3
      data: [0.999026596127472, -0.04282268930087122, 0.010586666661313521, 0.04361938731552521,
        0.9947638413250546, -0.09242428816301322, -0.006573376618977223, 0.0927961059164799,
        0.9956634338201652]
      dt: d
      rows: 3
    t: !!opencv-matrix
      cols: 1
      data: [-1.0, 0.1519574624621577, 0.03747264663660141]
      dt: d
      rows: 3
  - K1: !!opencv-matrix
      cols: 3
      data: [613.6170990574952, 0.0, 640.0, 0.0, 613.6170990574952, 360.0, 0.0, 0.0,
        1.0]
      dt: d
      rows: 3
    K2: !!opencv-matrix
      cols: 3
      data: [613.6170990574952, 0.0, 640.0, 0.0, 613.6170990574952, 360.0, 0.0, 0.0,
        1.0]
      dt: d
      rows: 3
    R: !!opencv-matrix
      cols: 3
      data: [0.9990455331627449, -0.04238864696842547, 0.010546339448016868, 0.04318346615627672,
        0.994782697557736, -0.09242604011037059, -0.006573501220529753, 0.09279325001281247,
        0.9956636991644133]
      dt: d
      rows: 3
    t: !!opencv-matrix
      cols: 1
      data: [-1.0, 0.1519574624621577, 0.03747264663660141]
      dt: d
      rows: 3
  - K1: !!opencv-matrix
      cols: 3
      data: [613.6170990574952, 0.0, 640.0, 0.0, 613.6170990574952, 360.0, 0.0, 0.0,
        1.0]
      dt: d
      rows: 3
    K2: !!opencv-matrix
      cols: 3
      data: [613.6170990574952, 0.0, 640.0, 0.0, 613.6170990574952, 360.0, 0.0, 0.0,
        1.0]
      dt: d
      rows: 3
    R: !!opencv-matrix
      cols: 3
      data: [0.999064279993851, -0.04195459644989221, 0.01050601147414441, 0.042747536775505836,
        0.9948013643978341, -0.0924277744611146, -0.006573624570580442, 0.09279039405528236,
        0.9956639645136659]
      dt: d
      rows: 3
    t: !!opencv-matrix
      cols: 1
      data: [-1.0, 0.1519574624621577, 0.03747264663660141]
      dt: d
      rows: 3
  - K1: !!opencv-matrix
      cols: 3
      data: [613.6170990574952, 0.0, 640.0, 0.0, 613.6170990574952, 360.0, 0.0, 0.0,
        1.0]
      dt: d
      rows: 3
    K2: !!opencv-matrix
      cols: 3
      data: [613.6170990574952, 0.0, 640.0, 0.0, 613.6170990574952, 360.0, 0.0, 0.0,
        1.0]
      dt: d
      rows: 3
    R: !!opencv-matrix
      cols: 3
      data: [0.9990828366172209, -0.04152053782790857, 0.010465682747374026, 0.04231159925620739,
        0.9948198418417951, -0.09242949121491506, -0.0065737466691058065, 0.09278753804443333,
        0.9956642298678723]
      dt: d
      rows: 3
    t: !!opencv-matrix
      cols: 1
      data: [-1.0, 0.1519574624621577, 0.03747264663660141]
      dt: d
      rows: 3
  - K1: !!opencv-matrix
      cols: 3
      data: [613.6170990574952, 0.0, 640.0, 0.0, 613.6170990574952, 360.0, 0.0, 0.0,
        1.0]
      dt: d
      rows: 3
    K2: !!opencv-matrix
      cols: 3
      data: [613.6170990574952, 0.0, 640.0, 0.0, 613.6170990574952, 360.0, 0.0, 0.0,
        1.0]
      dt: d
      rows: 3
    R: !!opencv-matrix
      cols: 3
      data: [0.9991012030293218, -0.04108647118511316, 0.010425353275383733, 0.04187565368137771,
        0.9948381298861011, -0.09243119037144516, -0.006573867516082601, 0.09278468198080911,
        0.9956644952269821]
      dt: d
      rows: 3
    t: !!opencv-matrix
      cols: 1
      data: [-1.0, 0.1519574624621577, 0.03747264663660141]
      dt: d
      rows: 3
  - K1: !!opencv-matrix
      cols: 3
      data: [613.6170990574952, 0.0, 640.0, 0.0, 613.6170990574952, 360.0, 0.0, 0.0,
        1.0]
      dt: d
      rows: 3
    K2: !!opencv-matrix
      cols: 3
      data: [613.6170990574952, 0.0, 640.0, 0.0, 613.6170990574952, 360.0, 0.0, 0.0,
        1.0]
      dt: d
      rows: 3
    R: !!opencv-matrix
      cols: 3
      data: [0.9991193792266573, -0.04065239660414616, 0.010385023065851696, 0.0414397001340147,
        0.9948562285272705, -0.09243287193038137, -0.006573987111487818, 0.09278182586495345,
        0.9956647605909448]
      dt: d
      rows: 3
    t: !!opencv-matrix
      cols: 1
      data: [-1.0, 0.1519574624621577, 0.03747264663660141]
      dt: d
      rows: 3
  - K1: !!opencv-matrix
      cols: 3
      data: [613.6170990574952, 0.0, 640.0, 0.0, 613.6170990574952, 360.0, 0.0, 0.0,
        1.0]
      dt: d
      rows: 3
    K2: !!opencv-matrix
      cols: 3
      data: [613.6170990574952, 0.0, 640.0, 0.0, 613.6170990574952, 360.0, 0.0, 0.0,
        1.0]
      dt: d
      rows: 3
    R: !!opencv-matrix
      cols: 3
      data: [0.9991373652057663, -0.04021831416764921, 0.010344692126456216, 0.04100373869711774,
        0.9948741377618574, -0.09243453589140355, -0.006574105455298687, 0.09277896969741013,
        0.9956650259597098]
      dt: d
      rows: 3
    t: !!opencv-matrix
      cols: 1
      data: [-1.0, 0.1519574624621577, 0.03747264663660141]
      dt: d
      rows: 3
  - K1: !!opencv-matrix
      cols: 3
      data: [613.6170990574952, 0.0, 640.0, 0.0, 613.6170990574952, 360.0, 0.0, 0.0,
        1.0]
      dt: d
      rows: 3
    K2: !!opencv-matrix
      cols: 3
      data: [613.6170990574952, 0.0, 640.0, 0.0, 613.6170990574952, 360.0, 0.0, 0.0,
        1.0]
      dt: d
      rows: 3
    R: !!opencv-matrix
      cols: 3
      data: [0.9991551609632251, -0.03978422395826552, 0.010304360464875734, 0.04056776945368776,
        0.9948918575864523, -0.09243618225419492, -0.006574222547492679, 0.0927761134787229,
        0.9956652913332267]
      dt: d
      rows: 3
    t: !!opencv-matrix
      cols: 1
      data: [-1.0, 0.1519574624621577, 0.03747264663660141]
      dt: d
      rows: 3
  - K1: !!opencv-matrix
      cols: 3
      data: [613.6170990574952, 0.0, 640.0, 0.0, 613.6170990574952, 360.0, 0.0, 0.0,
        1.0]
      dt: d
      rows: 3
    K2: !!opencv-matrix
      cols: 3
      data: [613.6170990574952, 0.0, 640.0, 0.0, 613.6170990574952, 360.0, 0.0, 0.0,
        1.0]
      dt: d
      rows: 3
    R: !!opencv-matrix
      cols: 3
      data: [0.9991727664956455, -0.03935012605863971, 0.010264028088788832, 0.040131792486727116,
        0.9949093879976815, -0.09243781101844202, -0.006574338388047499, 0.09277325720943558,
        0.9956655567114449]
      dt: d
      rows: 3
    t: !!opencv-matrix
      cols: 1
      data: [-1.0, 0.1519574624621577, 0.03747264663660141]
      dt: d
      rows: 3
  - K1: !!opencv-matrix
      cols: 3
      data: [613.6170990574952, 0.0, 640.0, 0.0, 613.6170990574952, 360.0, 0.0, 0.0,
        1.0]
      dt: d
      rows: 3
    K2: !!opencv-matrix
      cols: 3
      data: [613.6170990574952, 0.0, 640.0, 0.0, 613.6170990574952, 360.0, 0.0, 0.0,
        1.0]
      dt: d
      rows: 3
    R: !!opencv-matrix
      cols: 3
      data: [0.9991901817996753, -0.0389160205514179, 0.010223695005874221, 0.0396958078792397,
        0.9949267289922074, -0.09243942218383476, -0.0065744529769410955, 0.09277040089009192,
        0.9956658220943138]
      dt: d
      rows: 3
    t: !!opencv-matrix
      cols: 1
      data: [-1.0, 0.1519574624621577, 0.03747264663660141]
      dt: d
      rows: 3
  - K1: !!opencv-matrix
      cols: 3
      data: [613.6170990574952, 0.0, 640.0, 0.0, 613.6170990574952, 360.0, 0.0, 0.0,
        1.0]
      dt: d
      rows: 3
    K2: !!opencv-matrix
      cols: 3
      data: [613.6170990574952, 0.0, 640.0, 0.0, 613.6170990574952, 360.0, 0.0, 0.0,
        1.0]
      dt: d
      rows: 3
    R: !!opencv-matrix
      cols: 3
      data: [0.9992074068719994, -0.03848190751924765, 0.010183361223810753, 0.0392598157142308,
        0.9949438805667286, -0.0924410157500664, -0.00657456631415165, 0.09276754452123576,
        0.9956660874817829]
      dt: d
      rows: 3
    t: !!opencv-matrix
      cols: 1
      data: [-1.0, 0.1519574624621577, 0.03747264663660141]
      dt: d
      rows: 3
  - K1: !!opencv-matrix
      cols: 3
      data: [613.6170990574952, 0.0, 640.0, 0.0, 613.6170990574952, 360.0, 0.0, 0.0,
        1.0]
      dt: d
      rows: 3
    K2: !!opencv-matrix
      cols: 3
      data: [613.6170990574952, 0.0, 640.0, 0.0, 613.6170990574952, 360.0, 0.0, 0.0,
        1.0]
      dt: d
      rows: 3
    R: !!opencv-matrix
      cols: 3
      data: [0.9992244417093381, -0.03804778704477796, 0.010143026750277413, 0.038823816074707196,
        0.9949608427179797, -0.09244259171683356, -0.006574678399657585, 0.09276468810341089,
        0.9956663528738018]
      dt: d
      rows: 3
    t: !!opencv-matrix
      cols: 1
      data: [-1.0, 0.1519574624621577, 0.03747264663660141]
      dt: d
      rows: 3
  - K1: !!opencv-matrix
      cols: 3
      data: [613.6170990574952, 0.0, 640.0, 0.0, 613.6170990574952, 360.0, 0.0, 0.0,
        1.0]
      dt: d
      rows: 3
    K2: !!opencv-matrix
      cols: 3
      data: [613.6170990574952, 0.0, 640.0, 0.0, 613.6170990574952, 360.0, 0.0, 0.0,
        1.0]
      dt: d
      rows: 3
    R: !!opencv-matrix
      cols: 3
      data: [0.9992412863084481, -0.03761365921065923, 0.010102691592953308, 0.03838780904367704,
        0.9949776154427311, -0.09244415008383618, -0.006574789233437562, 0.09276183163716113,
        0.9956666182703199]
      dt: d
      rows: 3
    t: !!opencv-matrix
      cols: 1
      data: [-1.0, 0.1519574624621577, 0.03747264663660141]
      dt: d
      rows: 3
  - K1: !!opencv-matrix
      cols: 3
      data: [613.6170990574952, 0.0, 640.0, 0.0, 613.6170990574952, 360.0, 0.0, 0.0,
        1.0]
      dt: d
      rows: 3
    K2: !!opencv-matrix
      cols: 3
      data: [613.6170990574952, 0.0, 640.0, 0.0, 613.6170990574952, 360.0, 0.0, 0.0,
        1.0]
      dt: d
      rows: 3
    R: !!opencv-matrix
      cols: 3
      data: [0.9992579406661227, -0.037179524099543275, 0.010062355759517692, 0.037951794704149944,
        0.9949941987377899, -0.09244569085077756, -0.006574898815470479, 0.09275897512303033,
        0.9956668836712866]
      dt: d
      rows: 3
    t: !!opencv-matrix
      cols: 1
      data: [-1.0, 0.1519574624621577, 0.03747264663660141]
      dt: d
      rows: 3
  - K1: !!opencv-matrix
      cols: 3
      data: [613.6170990574952, 0.0, 640.0, 0.0, 613.6170990574952, 360.0, 0.0, 0.0,
        1.0]
      dt: d
      rows: 3
    K2: !!opencv-matrix
      cols: 3
      data: [613.6170990574952, 0.0, 640.0, 0.0, 613.6170990574952, 360.0, 0.0, 0.0,
        1.0]
      dt: d
      rows: 3
    R: !!opencv-matrix
      cols: 3
      data: [0.9992744047791909, -0.0367453817940833, 0.010022019257649933, 0.03751577313913686,
        0.9950105925999987, -0.09244721401736439, -0.006575007145735474, 0.09275611856156231,
        0.9956671490766514]
      dt: d
      rows: 3
    t: !!opencv-matrix
      cols: 1
      data: [-1.0, 0.1519574624621577, 0.03747264663660141]
      dt: d
      rows: 3
  - K1: !!opencv-matrix
      cols: 3
      data: [613.6170990574952, 0.0, 640.0, 0.0, 613.6170990574952, 360.0, 0.0, 0.0,
        1.0]
      dt: d
      rows: 3
    K2: !!opencv-matrix
      cols: 3
      data: [613.6170990574952, 0.0, 640.0, 0.0, 613.6170990574952, 360.0, 0.0, 0.0,
        1.0]
      dt: d
      rows: 3
    R: !!opencv-matrix
      cols: 3
      data: [0.9992906786445184, -0.03631123237693387, 0.009981682095029532, 0.037079744431650144,
        0.9950267970262362, -0.09244871958330665, -0.006575114224211921, 0.09275326195330094,
        0.995667414486364]
      dt: d
      rows: 3
    t: !!opencv-matrix
      cols: 1
      data: [-1.0, 0.1519574624621577, 0.03747264663660141]
      dt: d
      rows: 3
  - K1: !!opencv-matrix
      cols: 3
      data: [613.6170990574952, 0.0, 640.0, 0.0, 613.6170990574952, 360.0, 0.0, 0.0,
        1.0]
      dt: d
      rows: 3
    K2: !!opencv-matrix
      cols: 3
      data: [613.6170990574952, 0.0, 640.0, 0.0, 613.6170990574952, 360.0, 0.0, 0.0,
        1.0]
      dt: d
      rows: 3
    R: !!opencv-matrix
      cols: 3
      data: [0.9993067622590066, -0.03587707593075089, 0.009941344279336115, 0.03664370866470351,
        0.9950428120134175, -0.09245020754831772, -0.006575220050879435, 0.09275040529879006,
        0.9956676799003735]
      dt: d
      rows: 3
    t: !!opencv-matrix
      cols: 1
      data: [-1.0, 0.1519574624621577, 0.03747264663660141]
      dt: d
      rows: 3
  - K1: !!opencv-matrix
      cols: 3
      data: [613.6170990574952, 0.0, 640.0, 0.0, 613.6170990574952, 360.0, 0.0, 0.0,
        1.0]
      dt: d
      rows: 3
    K2: !!opencv-matrix
      cols: 3
      data: [613.6170990574952, 0.0, 640.0, 0.0, 613.6170990574952, 360.0, 0.0, 0.0,
        1.0]
      dt: d
      rows: 3
    R: !!opencv-matrix
      cols: 3
      data: [0.9993226556195937, -0.03544291253819163, 0.009901005818249434, 0.03620766592131201,
        0.9950586375584936, -0.09245167791211431, -0.006575324625717868, 0.09274754859857354,
        0.9956679453186297]
      dt: d
      rows: 3
    t: !!opencv-matrix
      cols: 1
      data: [-1.0, 0.1519574624621577, 0.03747264663660141]
      dt: d
      rows: 3
  - K1: !!opencv-matrix
      cols: 3
      data: [613.6170990574952, 0.0, 640.0, 0.0, 613.6170990574952, 360.0, 0.0, 0.0,
        1.0]
      dt: d
      rows: 3
    K2: !!opencv-matrix
      cols: 3
      data: [613.6170990574952, 0.0, 640.0, 0.0, 613.6170990574952, 360.0, 0.0, 0.0,
        1.0]
      dt: d
      rows: 3
    R: !!opencv-matrix
      cols: 3
      data: [0.9993383587232536, -0.035008742281914675, 0.009860666719449362, 0.03577161628449203,
        0.9950742736584512, -0.09245313067441649, -0.006575427948707309, 0.09274469185319525,
        0.9956682107410818]
      dt: d
      rows: 3
    t: !!opencv-matrix
      cols: 1
      data: [-1.0, 0.1519574624621577, 0.03747264663660141]
      dt: d
      rows: 3
  - K1: !!opencv-matrix
      cols: 3
      data: [613.6170990574952, 0.0, 640.0, 0.0, 613.6170990574952, 360.0, 0.0, 0.0,
        1.0]
      dt: d
      rows: 3
    K2: !!opencv-matrix
      cols: 3
      data: [613.6170990574952, 0.0, 640.0, 0.0, 613.6170990574952, 360.0, 0.0, 0.0,
        1.0]
      dt: d
      rows: 3
    R: !!opencv-matrix
      cols: 3
      data: [0.9993538715669968, -0.034574565244579906, 0.009820326990615892, 0.03533555983726127,
        0.995089720310314, -0.09245456583494766, -0.006575530019828088, 0.0927418350631991,
        0.9956684761676794]
      dt: d
      rows: 3
    t: !!opencv-matrix
      cols: 1
      data: [-1.0, 0.1519574624621577, 0.03747264663660141]
      dt: d
      rows: 3
  - K1: !!opencv-matrix
      cols: 3
      data: [613.6170990574952, 0.0, 640.0, 0.0, 613.6170990574952, 360.0, 0.0, 0.0,
        1.0]
      dt: d
      rows: 3
    K2: !!opencv-matrix
      cols: 3
      data: [613.6170990574952, 0.0, 640.0, 0.0, 613.6170990574952, 360.0, 0.0, 0.0,
        1.0]
      dt: d
      rows: 3
    R: !!opencv-matrix
      cols: 3
      data: [0.9993691941478698, -0.0341403815088485, 0.009779986639429143, 0.03489949666263871,
        0.9951049775111406, -0.09245598339343458, -0.006575630839060774, 0.09273897822912895,
        0.9956687415983719]
      dt: d
      rows: 3
    t: !!opencv-matrix
      cols: 1
      data: [-1.0, 0.1519574624621577, 0.03747264663660141]
      dt: d
      rows: 3
  - K1: !!opencv-matrix
      cols: 3
      data: [613.6170990574952, 0.0, 640.0, 0.0, 613.6170990574952, 360.0, 0.0, 0.0,
        1.0]
      dt: d
      rows: 3
    K2: !!opencv-matrix
      cols: 3
      data: [613.6170990574952, 0.0, 640.0, 0.0, 613.6170990574952, 360.0, 0.0, 0.0,
        1.0]
      dt: d
      rows: 3
    R: !!opencv-matrix
      cols: 3
      data: [0.9993843264629555, -0.03370619115738292, 0.009739645673569346, 0.03446342684364463,
        0.9951200452580264, -0.09245738334960739, -0.006575730406386169, 0.09273612135152873,
        0.9956690070331089]
      dt: d
      rows: 3
    t: !!opencv-matrix
      cols: 1
      data: [-1.0, 0.1519574624621577, 0.03747264663660141]
      dt: d
      rows: 3
  - K1: !!opencv-matrix
      cols: 3
      data: [613.6170990574952, 0.0, 640.0, 0.0, 613.6170990574952, 360.0, 0.0, 0.0,
        1.0]
      dt: d
      rows: 3
    K2: !!opencv-matrix
      cols: 3
      data: [613.6170990574952, 0.0, 640.0, 0.0, 613.6170990574952, 360.0, 0.0, 0.0,
        1.0]
      dt: d
      rows: 3
    R: !!opencv-matrix
      cols: 3
      data: [0.9993992685093728, -0.033271994272846876, 0.00969930410071685, 0.03402735046330057,
        0.995134923548103, -0.09245876570319954, -0.006575828721785318, 0.09273326443094232,
        0.9956692724718398]
      dt: d
      rows: 3
    t: !!opencv-matrix
      cols: 1
      data: [-1.0, 0.1519574624621577, 0.03747264663660141]
      dt: d
      rows: 3
  - K1: !!opencv-matrix
      cols: 3
      data: [613.6170990574952, 0.0, 640.0, 0.0, 613.6170990574952, 360.0, 0.0, 0.0,
        1.0]
      dt: d
      rows: 3
    K2: !!opencv-matrix
      cols: 3
      data: [613.6170990574952, 0.0, 640.0, 0.0, 613.6170990574952, 360.0, 0.0, 0.0,
        1.0]
      dt: d
      rows: 3
    R: !!opencv-matrix
      cols: 3
      data: [0.999414020284277, -0.03283779093790533, 0.009658961928552125, 0.03359126760462932,
        0.9951496123785374, -0.09246013045394787, -0.0065759257852395035, 0.09273040746791365,
        0.995669537914514]
      dt: d
      rows: 3
    t: !!opencv-matrix
      cols: 1
      data: [-1.0, 0.1519574624621577, 0.03747264663660141]
      dt: d
      rows: 3
  - K1: !!opencv-matrix
      cols: 3
      data: [613.6170990574952, 0.0, 640.0, 0.0, 613.6170990574952, 360.0, 0.0, 0.0,
        1.0]
      dt: d
      rows: 3
    K2: !!opencv-matrix
      cols: 3
      data: [613.6170990574952, 0.0, 640.0, 0.0, 613.6170990574952, 360.0, 0.0, 0.0,
        1.0]
      dt: d
      rows: 3
    R: !!opencv-matrix
      cols: 3
      data: [0.9994285817848594, -0.03240358123522445, 0.009618619164755749, 0.03315517835065489,
        0.9951641117465332, -0.09246147760159253, -0.0065760215967302455, 0.09272755046298667,
        0.9956698033610809]
      dt: d
      rows: 3
    t: !!opencv-matrix
      cols: 1
      data: [-1.0, 0.1519574624621577, 0.03747264663660141]
      dt: d
      rows: 3
  - K1: !!opencv-matrix
      cols: 3
      data: [613.6170990574952, 0.0, 640.0, 0.0, 613.6170990574952, 360.0, 0.0, 0.0,
        1.0]
      dt: d
      rows: 3
    K2: !!opencv-matrix
      cols: 3
      data: [613.6170990574952, 0.0, 640.0, 0.0, 613.6170990574952, 360.0, 0.0, 0.0,
        1.0]
      dt: d
      rows: 3
    R: !!opencv-matrix
      cols: 3
      data: [0.9994429530083481, -0.03196936524747167, 0.009578275817008413, 0.032719082784402526,
        0.9951784216493301, -0.09246280714587704, -0.006576116156239304, 0.09272469341670526,
        0.9956700688114902]
      dt: d
      rows: 3
    t: !!opencv-matrix
      cols: 1
      data: [-1.0, 0.1519574624621577, 0.03747264663660141]
      dt: d
      rows: 3
  - K1: !!opencv-matrix
      cols: 3
      data: [613.6170990574952, 0.0, 640.0, 0.0, 613.6170990574952, 360.0, 0.0, 0.0,
        1.0]
      dt: d
      rows: 3
    K2: !!opencv-matrix
      cols: 3
      data: [613.6170990574952, 0.0, 640.0, 0.0, 613.6170990574952, 360.0, 0.0, 0.0,
        1.0]
      dt: d
      rows: 3
    R: !!opencv-matrix
      cols: 3
      data: [0.9994571339520065, -0.031535143057315536, 0.009537931892990924, 0.03228298098889866,
        0.9951925420842034, -0.0924641190865483, -0.006576209463748675, 0.09272183632961342,
        0.9956703342656912]
      dt: d
      rows: 3
    t: !!opencv-matrix
      cols: 1
      data: [-1.0, 0.1519574624621577, 0.03747264663660141]
      dt: d
      rows: 3
  - K1: !!opencv-matrix
      cols: 3
      data: [613.6170990574952, 0.0, 640.0, 0.0, 613.6170990574952, 360.0, 0.0, 0.0,
        1.0]
      dt: d
      rows: 3
    K2: !!opencv-matrix
      cols: 3
      data: [613.6170990574952, 0.0, 640.0, 0.0, 613.6170990574952, 360.0, 0.0, 0.0,
        1.0]
      dt: d
      rows: 3
    R: !!opencv-matrix
      cols: 3
      data: [0.9994711246131353, -0.031100914747425868, 0.009497587400384193, 0.03184687304717093,
        0.9952064730484651, -0.0924654134233565, -0.006576301519240595, 0.09271897920225505,
        0.9956705997236334]
      dt: d
      rows: 3
    t: !!opencv-matrix
      cols: 1
      data: [-1.0, 0.1519574624621577, 0.03747264663660141]
      dt: d
      rows: 3
  - K1: !!opencv-matrix
      cols: 3
      data: [613.6170990574952, 0.0, 640.0, 0.0, 613.6170990574952, 360.0, 0.0, 0.0,
        1.0]
      dt: d
      rows: 3
    K2: !!opencv-matrix
      cols: 3
      data: [613.6170990574952, 0.0, 640.0, 0.0, 613.6170990574952, 360.0, 0.0, 0.0,
        1.0]
      dt: d
      rows: 3
    R: !!opencv-matrix
      cols: 3
      data: [0.9994849249890704, -0.030666680400473576, 0.009457242346869243, 0.03141075904224812,
        0.9952202145394626, -0.09246669015605524, -0.006576392322697537, 0.09271612203517414,
        0.9956708651852663]
      dt: d
      rows: 3
    t: !!opencv-matrix
      cols: 1
      data: [-1.0, 0.1519574624621577, 0.03747264663660141]
      dt: d
      rows: 3
  - K1: !!opencv-matrix
      cols: 3
      data: [613.6170990574952, 0.0, 640.0, 0.0, 613.6170990574952, 360.0, 0.0, 0.0,
        1.0]
      dt: d
      rows: 3
    K2: !!opencv-matrix
      cols: 3
      data: [613.6170990574952, 0.0, 640.0, 0.0, 613.6170990574952, 360.0, 0.0, 0.0,
        1.0]
      dt: d
      rows: 3
    R: !!opencv-matrix
      cols: 3
      data: [0.9994985350771847, -0.03023244009913077, 0.009416896740127204, 0.03097463905716019,
        0.99523376655458, -0.09246794928440145, -0.006576481874102213, 0.09271326482891463,
        0.9956711306505392]
      dt: d
      rows: 3
    t: !!opencv-matrix
      cols: 1
      data: [-1.0, 0.1519574624621577, 0.03747264663660141]
      dt: d
      rows: 3
  - K1: !!opencv-matrix
      cols: 3
      data: [613.6170990574952, 0.0, 640.0, 0.0, 613.6170990574952, 360.0, 0.0, 0.0,
        1.0]
      dt: d
      rows: 3
    K2: !!opencv-matrix
      cols: 3
      data: [613.6170990574952, 0.0, 640.0, 0.0, 613.6170990574952, 360.0, 0.0, 0.0,
        1.0]
      dt: d
      rows: 3
    R: !!opencv-matrix
      cols: 3
      data: [0.9995119548748869, -0.029798193926070655, 0.009376550587839308, 0.030538513174938216,
        0.9952471290912368, -0.0924691908081554, -0.0065765701734375745, 0.09271040758402052,
        0.9956713961194017]
      dt: d
      rows: 3
    t: !!opencv-matrix
      cols: 1
      data: [-1.0, 0.1519574624621577, 0.03747264663660141]
      dt: d
      rows: 3
  - K1: !!opencv-matrix
      cols: 3
      data: [613.6170990574952, 0.0, 640.0, 0.0, 613.6170990574952, 360.0, 0.0, 0.0,
        1.0]
      dt: d
      rows: 3
    K2: !!opencv-matrix
      cols: 3
      data: [613.6170990574952, 0.0, 640.0, 0.0, 613.6170990574952, 360.0, 0.0, 0.0,
        1.0]
      dt: d
      rows: 3
    R: !!opencv-matrix
      cols: 3
      data: [0.999525184379622, -0.029363941963967594, 0.009336203897686893, 0.030102381478614427,
        0.9952603021468894, -0.09247041472708072, -0.006576657220686811, 0.09270755030103577,
        0.9956716615918033]
      dt: d
      rows: 3
    t: !!opencv-matrix
      cols: 1
      data: [-1.0, 0.1519574624621577, 0.03747264663660141]
      dt: d
      rows: 3
  - K1: !!opencv-matrix
      cols: 3
      data: [613.6170990574952, 0.0, 640.0, 0.0, 613.6170990574952, 360.0, 0.0, 0.0,
        1.0]
      dt: d
      rows: 3
    K2: !!opencv-matrix
      cols: 3
      data: [613.6170990574952, 0.0, 640.0, 0.0, 613.6170990574952, 360.0, 0.0, 0.0,
        1.0]
      dt: d
      rows: 3
    R: !!opencv-matrix
      cols: 3
      data: [0.9995382235888716, -0.02892968429549701, 0.0092958566773514, 0.029666244051222125,
        0.9952732857190297, -0.0924716210409444, -0.006576743015833351, 0.09270469298050436,
        0.9956719270676934]
      dt: d
      rows: 3
    t: !!opencv-matrix
      cols: 1
      data: [-1.0, 0.1519574624621577, 0.03747264663660141]
      dt: d
      rows: 3
  - K1: !!opencv-matrix
      cols: 3
      data: [613.6170990574952, 0.0, 640.0, 0.0, 613.6170990574952, 360.0, 0.0, 0.0,
        1.0]
      dt: d
      rows: 3
    K2: !!opencv-matrix
      cols: 3
      data: [613.6170990574952, 0.0, 640.0, 0.0, 613.6170990574952, 360.0, 0.0, 0.0,
        1.0]
      dt: d
      rows: 3
    R: !!opencv-matrix
      cols: 3
      data: [0.9995510725001528, -0.028495421003335446, 0.009255508934514371, 0.029230100975795734,
        0.9952860798051858, -0.09247280974951677, -0.006576827558860856, 0.0927018356229703,
        0.9956721925470213]
      dt: d
      rows: 3
    t: !!opencv-matrix
      cols: 1
      data: [-1.0, 0.1519574624621577, 0.03747264663660141]
      dt: d
      rows: 3
  - K1: !!opencv-matrix
      cols: 3
      data: [613.6170990574952, 0.0, 640.0, 0.0, 613.6170990574952, 360.0, 0.0, 0.0,
        1.0]
      dt: d
      rows: 3
    K2: !!opencv-matrix
      cols: 3
      data: [613.6170990574952, 0.0, 640.0, 0.0, 613.6170990574952, 360.0, 0.0, 0.0,
        1.0]
      dt: d
      rows: 3
    R: !!opencv-matrix
      cols: 3
      data: [0.9995637311110196, -0.0280611521701605, 0.009215160676857445, 0.02879395233537073,
        0.9952986844029217, -0.09247398085257151, -0.006576910849753234, 0.09269897822897757,
        0.9956724580297368]
      dt: d
      rows: 3
    t: !!opencv-matrix
      cols: 1
      data: [-1.0, 0.1519574624621577, 0.03747264663660141]
      dt: d
      rows: 3
  - K1: !!opencv-matrix
      cols: 3
      data: [613.6170990574952, 0.0, 640.0, 0.0, 613.6170990574952, 360.0, 0.0, 0.0,
        1.0]
      dt: d
      rows: 3
    K2: !!opencv-matrix
      cols: 3
      data: [613.6170990574952, 0.0, 640.0, 0.0, 613.6170990574952, 360.0, 0.0, 0.0,
        1.0]
      dt: d
      rows: 3
    R: !!opencv-matrix
      cols: 3
      data: [0.999576199419062, -0.027626877878650834, 0.009174811912062361, 0.02835779821298366,
        0.9953110995098379, -0.09247513434988568, -0.006576992888494626, 0.0926961207990702,
        0.9956727235157891]
      dt: d
      rows: 3
    t: !!opencv-matrix
      cols: 1
      data: [-1.0, 0.1519574624621577, 0.03747264663660141]
      dt: d
      rows: 3
  - K1: !!opencv-matrix
      cols: 3
      data: [613.6170990574952, 0.0, 640.0, 0.0, 613.6170990574952, 360.0, 0.0, 0.0,
        1.0]
      dt: d
      rows: 3
    K2: !!opencv-matrix
      cols: 3
      data: [613.6170990574952, 0.0, 640.0, 0.0, 613.6170990574952, 360.0, 0.0, 0.0,
        1.0]
      dt: d
      rows: 3
    R: !!opencv-matrix
      cols: 3
      data: [0.999588477421906, -0.027192598211486122, 0.009134462647810955, 0.027921638691672104,
        0.9953233251235706, -0.09247627024123964, -0.006577073675069414, 0.0926932633337922,
        0.9956729890051276]
      dt: d
      rows: 3
    t: !!opencv-matrix
      cols: 1
      data: [-1.0, 0.1519574624621577, 0.03747264663660141]
      dt: d
      rows: 3
  - K1: !!opencv-matrix
      cols: 3
      data: [613.6170990574952, 0.0, 640.0, 0.0, 613.6170990574952, 360.0, 0.0, 0.0,
        1.0]
      dt: d
      rows: 3
    K2: !!opencv-matrix
      cols: 3
      data: [613.6170990574952, 0.0, 640.0, 0.0, 613.6170990574952, 360.0, 0.0, 0.0,
        1.0]
      dt: d
      rows: 3
    R: !!opencv-matrix
      cols: 3
      data: [0.9996005651172143, -0.026758313251347105, 0.009094112891785158, 0.027485473854474692,
        0.9953353612417923, -0.09247738852641717, -0.006577153209462216, 0.09269040583368758,
        0.9956732544977019]
      dt: d
      rows: 3
    t: !!opencv-matrix
      cols: 1
      data: [-1.0, 0.1519574624621577, 0.03747264663660141]
      dt: d
      rows: 3
  - K1: !!opencv-matrix
      cols: 3
      data: [613.6170990574952, 0.0, 640.0, 0.0, 613.6170990574952, 360.0, 0.0, 0.0,
        1.0]
      dt: d
      rows: 3
    K2: !!opencv-matrix
      cols: 3
      data: [613.6170990574952, 0.0, 640.0, 0.0, 613.6170990574952, 360.0, 0.0, 0.0,
        1.0]
      dt: d
      rows: 3
    R: !!opencv-matrix
      cols: 3
      data: [0.9996124625026853, -0.026324023080915495, 0.009053762651666991, 0.027049303784431045,
        0.9953472078622114, -0.09247848920520532, -0.006577231491657892, 0.09268754829930037,
        0.9956735199934615]
      dt: d
      rows: 3
    t: !!opencv-matrix
      cols: 1
      data: [-1.0, 0.1519574624621577, 0.03747264663660141]
      dt: d
      rows: 3
  - K1: !!opencv-matrix
      cols: 3
      data: [613.6170990574952, 0.0, 640.0, 0.0, 613.6170990574952, 360.0, 0.0, 0.0,
        1.0]
      dt: d
      rows: 3
    K2: !!opencv-matrix
      cols: 3
      data: [613.6170990574952, 0.0, 640.0, 0.0, 613.6170990574952, 360.0, 0.0, 0.0,
        1.0]
      dt: d
      rows: 3
    R: !!opencv-matrix
      cols: 3
      data: [0.9996241695760543, -0.02588972778287402, 0.009013411935138573, 0.02661312856458179,
        0.9953588649825726, -0.09247957227739458, -0.006577308521641535, 0.09268469073117462,
        0.9956737854923557]
      dt: d
      rows: 3
    t: !!opencv-matrix
      cols: 1
      data: [-1.0, 0.1519574624621577, 0.03747264663660141]
      dt: d
      rows: 3
  - K1: !!opencv-matrix
      cols: 3
      data: [613.6170990574952, 0.0, 640.0, 0.0, 613.6170990574952, 360.0, 0.0, 0.0,
        1.0]
      dt: d
      rows: 3
    K2: !!opencv-matrix
      cols: 3
      data: [613.6170990574952, 0.0, 640.0, 0.0, 613.6170990574952, 360.0, 0.0, 0.0,
        1.0]
      dt: d
      rows: 3
    R: !!opencv-matrix
      cols: 3
      data: [0.999635686335092, -0.025455427439906367, 0.008973060749882111, 0.02617694827796852,
