%YAML:1.0
---
# This file contains user specific parameters used to generate multiple consecutive stereo frames with correspondences.
#
#
# Number of total frames. Max. 10000
nrTotalFrames: 200
# ---- Options for stereo extrinsics ----
#
#
# Number of different stereo configurations (max. 1000).
# The number of frames per camera configuration is controlled by the smallest number of the change rates (e.g. txChangeFRate) for tx, ty, tz, roll, pitch, and yaw.
nrStereoConfigs: 200
# Specifies after how many frames the x-component for the translation vector between the stereo cameras shall be changed linearly by a given value.
# Set this value to 0, if you do not want to change the x-component linearly.
txChangeFRate: 0
# Specifies after how many frames the y-component for the translation vector between the stereo cameras shall be changed linearly by a given value.
# Set this value to 0, if you do not want to change the y-component linearly.
tyChangeFRate: 0
# Specifies after how many frames the z-component for the translation vector between the stereo cameras shall be changed linearly by a given value.
# Set this value to 0, if you do not want to change the z-component linearly.
tzChangeFRate: 0
# Specifies after how many frames the roll angle (angle about x-axis) between the stereo cameras shall be changed linearly by a given value.
# Set this value to 0, if you do not want to change the roll linearly.
rollChangeFRate: 0
# Specifies after how many frames the pitch angle (angle about y-axis) between the stereo cameras shall be changed linearly by a given value.
# Set this value to 0, if you do not want to change the pitch linearly.
pitchChangeFRate: 1
# Specifies after how many frames the yaw angle (angle about z-axis) between the stereo cameras shall be changed linearly by a given value.
# Set this value to 0, if you do not want to change the yaw linearly.
yawChangeFRate: 0
# Linear change rate for tx (x-component of the translation vector between the stereo cameras).
txLinChangeVal: -1.0000000000000000e-02
# Linear change rate for ty (y-component of the translation vector between the stereo cameras).
tyLinChangeVal: 1.0000000000000000e-03
# Linear change rate for tz (z-component of the translation vector between the stereo cameras).
tzLinChangeVal: 5.0000000000000001e-04
# Linear change rate for the roll angle (angle in degrees about x-axis) between the stereo cameras.
rollLinChangeVal: 5.0000000000000000e-01
# Linear change rate for the pitch angle (angle in degrees about y-axis) between the stereo cameras.
pitchLinChangeVal: -2.5000000000000000e-02
# Linear change rate for the yaw angle (angle in degrees about z-axis) between the stereo cameras.
yawLinChangeVal: 0
# Start value for tx (x-component (right) of the translation vector between the stereo cameras).
# Only used if the specified range is 0.
txStartVal: -1.
# Start value for ty (y-component (down) of the translation vector between the stereo cameras).
# Only used if the specified range is 0.
tyStartVal: 1.0000000000000001e-01
# Start value for tz (z-component (forward) of the translation vector between the stereo cameras).
# Only used if the specified range is 0.
tzStartVal: 1.0000000000000000e-02
# Start value for the roll angle (angle in degrees about x-axis, right handed coordinate system, R = R_y * R_z * R_x) between the stereo cameras.
# Only used if the specified range is 0.
rollStartVal: 2.
# Start value for the pitch angle (angle in degrees about y-axis, right handed coordinate system, R = R_y * R_z * R_x) between the stereo cameras.
# Only used if the specified range is 0.
pitchStartVal: -8.1999999999999993e+00
# Start value for the yaw angle (angle in degrees about z-axis, right handed coordinate system, R = R_y * R_z * R_x) between the stereo cameras.
# Only used if the specified range is 0.
yawStartVal: 2.9999999999999999e-01
# Possible range of the initial tx (x-component (right) of the translation vector between the stereo cameras) to be able to meet a user specific image overlap.
# The optimal tx starting-value is by default only estimated for the first stereo configuration. If specified by txVariable, the range is used for every new configuration.
# If the range (difference between both values) is 0, tx will be kept fixed at the given start value for tx.
txRange:
   first: 0
   second: 0
# Possible range of the initial ty (y-component (down) of the translation vector between the stereo cameras) to be able to meet a user specific image overlap.
# The optimal ty starting-value is by default only estimated for the first stereo configuration. If specified by tyVariable, the range is used for every new configuration.
# If the range (difference between both values) is 0, ty will be kept fixed at the given start value for ty.
tyRange:
   first: -2.0000000000000001e-01
   second: 2.0000000000000001e-01
# Possible range of the initial tz (z-component (forward) of the translation vector between the stereo cameras) to be able to meet a user specific image overlap.
# The optimal tz starting-value is by default only estimated for the first stereo configuration. If specified by tzVariable, the range is used for every new configuration.
# If the range (difference between both values) is 0, tz will be kept fixed at the given start value for tz.
tzRange:
   first: -1.0000000000000001e-01
   second: 1.0000000000000001e-01
# Possible range for the initial roll angle (angle in degrees about x-axis between the stereo cameras, right handed coordinate system, R = R_y * R_z * R_x)
# to be able to meet a user specific image overlap. The optimal roll starting-value is by default only estimated for the
# first stereo configuration. If specified by rollVariable, the range is used for every new configuration.
# If the range (difference between both values) is 0, the roll angle will be kept fixed at the given start value for roll.
rollRange:
   first: -8.
   second: 8.
# Possible range for the initial pitch angle (angle in degrees about y-axis between the stereo cameras, right handed coordinate system, R = R_y * R_z * R_x)
# to be able to meet a user specific image overlap. The optimal pitch starting-value is by default only estimated for the
# first stereo configuration. If specified by pitchVariable, the range is used for every new configuration.
# If the range (difference between both values) is 0, the pitch angle will be kept fixed at the given start value for pitch.
pitchRange:
   first: -8.
   second: 20.
# Possible range for the initial yaw angle (angle in degrees about z-axis between the stereo cameras, right handed coordinate system, R = R_y * R_z * R_x)
# to be able to meet a user specific image overlap. The optimal yaw starting-value is by default only estimated for the
# first stereo configuration. If specified by yawVariable, the range is used for every new configuration.
# If the range (difference between both values) is 0, the yaw angle will be kept fixed at the given start value for yaw.
yawRange:
   first: 0
   second: 0
# Use the specified tx-range for every new stereo configuration (not only for the first) where tx should change (depends on txChangeFRate).
# If this value is 1, an optimal value is selected within the given range for every new changed stereo configuration to meet a
# specific image overlap between the 2 stereo cameras. Otherwise set the value to 0.
txVariable: 0
# Use the specified ty-range for every new stereo configuration (not only for the first) where ty should change (depends on tyChangeFRate).
# If this value is 1, an optimal value is selected within the given range for every new changed stereo configuration to meet a
# specific image overlap between the 2 stereo cameras. Otherwise set the value to 0.
tyVariable: 0
# Use the specified tz-range for every new stereo configuration (not only for the first) where tz should change (depends on tzChangeFRate).
# If this value is 1, an optimal value is selected within the given range for every new changed stereo configuration to meet a
# specific image overlap between the 2 stereo cameras. Otherwise set the value to 0.
tzVariable: 0
# Use the specified roll-range for every new stereo configuration (not only for the first) where the roll angle should change (depends on rollChangeFRate).
# If this value is 1, an optimal value is selected within the given range for every new changed stereo configuration to meet a
# specific image overlap between the 2 stereo cameras. Otherwise set the value to 0.
rollVariable: 0
# Use the specified pitch-range for every new stereo configuration (not only for the first) where the pitch angle should change (depends on pitchChangeFRate).
# If this value is 1, an optimal value is selected within the given range for every new changed stereo configuration to meet a
# specific image overlap between the 2 stereo cameras. Otherwise set the value to 0.
pitchVariable: 0
# Use the specified yaw-range for every new stereo configuration (not only for the first) where the yaw angle should change (depends on yawChangeFRate).
# If this value is 1, an optimal value is selected within the given range for every new changed stereo configuration to meet a
# specific image overlap between the 2 stereo cameras. Otherwise set the value to 0.
yawVariable: 0
# Set this variable to 1 if you want to use your own extrinsic and intrinsic camera parameters (set them in specificCamPars).
# Otherwise, set this value to 0.
useSpecificCamPars: 1
# Input for specific extrinsic and intrinsic stereo camera parameters. The translation vectors must include the scale factor.
# Rotation matrices must be generated by R = R_y * R_z * R_x (right handed coordinate system, x-axis: right, y-axis: down, z-axis: forward); x2 = R * x1 + t.
# Every list element specifies a new stereo pair. To use these parameters,useSpecificCamPars must be set to 1.
# Currently there is only support for different extrinsics. The camera matrices stay the same as for the first stereo configuration
# regardless of what is entered for the camera matrices in the subsequent configurations.
# The update frequence (in frames) is calculated by nrTotalFrames devided by the number of entered stereo configurations (here) or nrStereoConfigs (whatever value is smaller; nrStereoConfigs is not allowed to be larger than the number of entries entered here).
specificCamPars:
  - K1: !!opencv-matrix
      cols: 3
      data: [640.0000011487338, 0.0, 640.0, 0.0, 640.0000011487338, 360.0, 0.0, 0.0,
        1.0]
      dt: d
      rows: 3
    K2: !!opencv-matrix
      cols: 3
      data: [640.0000011487338, 0.0, 640.0, 0.0, 640.0000011487338, 360.0, 0.0, 0.0,
        1.0]
      dt: d
      rows: 3
    R: !!opencv-matrix
      cols: 3
      data: [0.9955992043299396, 0.0005048859705264874, 0.09371216264577384, 0.005235963825436674,
        0.9981237599872647, -0.061004462391730206, -0.09356713643373898, 0.06122666771139903,
        0.9937285777014505]
      dt: d
      rows: 3
    t: !!opencv-matrix
      cols: 1
      data: [-1.0, -0.2, 0.03747264663660141]
      dt: d
      rows: 3
  - K1: !!opencv-matrix
      cols: 3
      data: [640.0000011487338, 0.0, 640.0, 0.0, 640.0000011487338, 360.0, 0.0, 0.0,
        1.0]
      dt: d
      rows: 3
    K2: !!opencv-matrix
      cols: 3
      data: [640.0000011487338, 0.0, 640.0, 0.0, 640.0000011487338, 360.0, 0.0, 0.0,
        1.0]
      dt: d
      rows: 3
    R: !!opencv-matrix
      cols: 3
      data: [0.9956399359196411, 0.0004781707498034207, 0.09327855785049, 0.005235963825436674,
        0.9981237599872647, -0.061004462391730206, -0.09313271543744388, 0.061226882181108486,
        0.993769372748843]
      dt: d
      rows: 3
    t: !!opencv-matrix
      cols: 1
      data: [-1.0, -0.2, 0.03747264663660141]
      dt: d
      rows: 3
  - K1: !!opencv-matrix
      cols: 3
      data: [640.0000011487338, 0.0, 640.0, 0.0, 640.0000011487338, 360.0, 0.0, 0.0,
        1.0]
      dt: d
      rows: 3
    K2: !!opencv-matrix
      cols: 3
      data: [640.0000011487338, 0.0, 640.0, 0.0, 640.0000011487338, 360.0, 0.0, 0.0,
        1.0]
      dt: d
      rows: 3
    R: !!opencv-matrix
      cols: 3
      data: [0.9956804779535532, 0.000451455438043394, 0.09284493529628549, 0.005235963825436674,
        0.9981237599872647, -0.061004462391730206, -0.09269827670999443, 0.06122708499408385,
        0.9938099785965748]
      dt: d
      rows: 3
    t: !!opencv-matrix
      cols: 1
      data: [-1.0, -0.2, 0.03747264663660141]
      dt: d
      rows: 3
  - K1: !!opencv-matrix
      cols: 3
      data: [640.0000011487338, 0.0, 640.0, 0.0, 640.0000011487338, 360.0, 0.0, 0.0,
        1.0]
      dt: d
      rows: 3
    K2: !!opencv-matrix
      cols: 3
      data: [640.0000011487338, 0.0, 640.0, 0.0, 640.0000011487338, 360.0, 0.0, 0.0,
        1.0]
      dt: d
      rows: 3
    R: !!opencv-matrix
      cols: 3
      data: [0.9957208304239574, 0.00042474004033262337, 0.09241129506571585, 0.005235963825436674,
        0.9981237599872647, -0.061004462391730206, -0.0922638203341016, 0.06122727615028652,
        0.9938503952369155]
      dt: d
      rows: 3
    t: !!opencv-matrix
      cols: 1
      data: [-1.0, -0.2, 0.03747264663660141]
      dt: d
      rows: 3
  - K1: !!opencv-matrix
      cols: 3
      data: [640.0000011487338, 0.0, 640.0, 0.0, 640.0000011487338, 360.0, 0.0, 0.0,
        1.0]
      dt: d
      rows: 3
    K2: !!opencv-matrix
      cols: 3
      data: [640.0000011487338, 0.0, 640.0, 0.0, 640.0000011487338, 360.0, 0.0, 0.0,
        1.0]
      dt: d
      rows: 3
    R: !!opencv-matrix
      cols: 3
      data: [0.9957609933231713, 0.00039802456175734493, 0.09197763724134014, 0.005235963825436674,
        0.9981237599872647, -0.061004462391730206, -0.09182934639247979, 0.06122745564968011,
        0.9938906226621702]
      dt: d
      rows: 3
    t: !!opencv-matrix
      cols: 1
      data: [-1.0, -0.2, 0.03747264663660141]
      dt: d
      rows: 3
  - K1: !!opencv-matrix
      cols: 3
      data: [640.0000011487338, 0.0, 640.0, 0.0, 640.0000011487338, 360.0, 0.0, 0.0,
        1.0]
      dt: d
      rows: 3
    K2: !!opencv-matrix
      cols: 3
      data: [640.0000011487338, 0.0, 640.0, 0.0, 640.0000011487338, 360.0, 0.0, 0.0,
        1.0]
      dt: d
      rows: 3
    R: !!opencv-matrix
      cols: 3
      data: [0.9958009666435482, 0.0003713090074038104, 0.09154396190572069, 0.005235963825436674,
        0.9981237599872647, -0.061004462391730206, -0.09139485496784673, 0.061227623492230425,
        0.9939306608646802]
      dt: d
      rows: 3
    t: !!opencv-matrix
      cols: 1
      data: [-1.0, -0.2, 0.03747264663660141]
      dt: d
      rows: 3
  - K1: !!opencv-matrix
      cols: 3
      data: [640.0000011487338, 0.0, 640.0, 0.0, 640.0000011487338, 360.0, 0.0, 0.0,
        1.0]
      dt: d
      rows: 3
    K2: !!opencv-matrix
      cols: 3
      data: [640.0000011487338, 0.0, 640.0, 0.0, 640.0000011487338, 360.0, 0.0, 0.0,
        1.0]
      dt: d
      rows: 3
    R: !!opencv-matrix
      cols: 3
      data: [0.995840750377478, 0.00034459338235828113, 0.09111026914142312, 0.005235963825436674,
        0.9981237599872647, -0.061004462391730206, -0.0909603461429234, 0.061227779677905526,
        0.9939705098368228]
      dt: d
      rows: 3
    t: !!opencv-matrix
      cols: 1
      data: [-1.0, -0.2, 0.03747264663660141]
      dt: d
      rows: 3
  - K1: !!opencv-matrix
      cols: 3
      data: [640.0000011487338, 0.0, 640.0, 0.0, 640.0000011487338, 360.0, 0.0, 0.0,
        1.0]
      dt: d
      rows: 3
    K2: !!opencv-matrix
      cols: 3
      data: [640.0000011487338, 0.0, 640.0, 0.0, 640.0000011487338, 360.0, 0.0, 0.0,
        1.0]
      dt: d
      rows: 3
    R: !!opencv-matrix
      cols: 3
      data: [0.9958803445173862, 0.0003178776917070348, 0.0906765590310164, 0.005235963825436674,
        0.9981237599872647, -0.061004462391730206, -0.09052582000043417, 0.06122792420667568,
        0.9940101695710113]
      dt: d
      rows: 3
    t: !!opencv-matrix
      cols: 1
      data: [-1.0, -0.2, 0.03747264663660141]
      dt: d
      rows: 3
  - K1: !!opencv-matrix
      cols: 3
      data: [640.0000011487338, 0.0, 640.0, 0.0, 640.0000011487338, 360.0, 0.0, 0.0,
        1.0]
      dt: d
      rows: 3
    K2: !!opencv-matrix
      cols: 3
      data: [640.0000011487338, 0.0, 640.0, 0.0, 640.0000011487338, 360.0, 0.0, 0.0,
        1.0]
      dt: d
      rows: 3
    R: !!opencv-matrix
      cols: 3
      data: [0.9959197490557348, 0.0002911619405363639, 0.09024283165707285, 0.005235963825436674,
        0.9981237599872647, -0.061004462391730206, -0.09009127662310668, 0.06122805707851336,
        0.994049640059695]
      dt: d
      rows: 3
    t: !!opencv-matrix
      cols: 1
      data: [-1.0, -0.2, 0.03747264663660141]
      dt: d
      rows: 3
  - K1: !!opencv-matrix
      cols: 3
      data: [640.0000011487338, 0.0, 640.0, 0.0, 640.0000011487338, 360.0, 0.0, 0.0,
        1.0]
      dt: d
      rows: 3
    K2: !!opencv-matrix
      cols: 3
      data: [640.0000011487338, 0.0, 640.0, 0.0, 640.0000011487338, 360.0, 0.0, 0.0,
        1.0]
      dt: d
      rows: 3
    R: !!opencv-matrix
      cols: 3
      data: [0.9959589639850216, 0.00026444613393257054, 0.08980908710216806, 0.005235963825436674,
        0.9981237599872647, -0.061004462391730206, -0.08965671609367186, 0.06122817829339327,
        0.9940889212953593]
      dt: d
      rows: 3
    t: !!opencv-matrix
      cols: 1
      data: [-1.0, -0.2, 0.03747264663660141]
      dt: d
      rows: 3
  - K1: !!opencv-matrix
      cols: 3
      data: [640.0000011487338, 0.0, 640.0, 0.0, 640.0000011487338, 360.0, 0.0, 0.0,
        1.0]
      dt: d
      rows: 3
    K2: !!opencv-matrix
      cols: 3
      data: [640.0000011487338, 0.0, 640.0, 0.0, 640.0000011487338, 360.0, 0.0, 0.0,
        1.0]
      dt: d
      rows: 3
    R: !!opencv-matrix
      cols: 3
      data: [0.9959979892977807, 0.0002377302769819671, 0.08937532544888083, 0.005235963825436674,
        0.9981237599872647, -0.061004462391730206, -0.0892221384948639, 0.061228287851292335,
        0.9941280132705257]
      dt: d
      rows: 3
    t: !!opencv-matrix
      cols: 1
      data: [-1.0, -0.2, 0.03747264663660141]
      dt: d
      rows: 3
  - K1: !!opencv-matrix
      cols: 3
      data: [640.0000011487338, 0.0, 640.0, 0.0, 640.0000011487338, 360.0, 0.0, 0.0,
        1.0]
      dt: d
      rows: 3
    K2: !!opencv-matrix
      cols: 3
      data: [640.0000011487338, 0.0, 640.0, 0.0, 640.0000011487338, 360.0, 0.0, 0.0,
        1.0]
      dt: d
      rows: 3
    R: !!opencv-matrix
      cols: 3
      data: [0.9960368249865823, 0.00021101437477087214, 0.08894154677979321, 0.005235963825436674,
        0.9981237599872647, -0.061004462391730206, -0.08878754390942023, 0.061228385752189696,
        0.9941669159777516]
      dt: d
      rows: 3
    t: !!opencv-matrix
      cols: 1
      data: [-1.0, -0.2, 0.03747264663660141]
      dt: d
      rows: 3
  - K1: !!opencv-matrix
      cols: 3
      data: [640.0000011487338, 0.0, 640.0, 0.0, 640.0000011487338, 360.0, 0.0, 0.0,
        1.0]
      dt: d
      rows: 3
    K2: !!opencv-matrix
      cols: 3
      data: [640.0000011487338, 0.0, 640.0, 0.0, 640.0000011487338, 360.0, 0.0, 0.0,
        1.0]
      dt: d
      rows: 3
    R: !!opencv-matrix
      cols: 3
      data: [0.9960754710440325, 0.0001842984323856189, 0.08850775117749063, 0.005235963825436674,
        0.9981237599872647, -0.061004462391730206, -0.08835293242008152, 0.06122847199606672,
        0.9942056294096304]
      dt: d
      rows: 3
    t: !!opencv-matrix
      cols: 1
      data: [-1.0, -0.2, 0.03747264663660141]
      dt: d
      rows: 3
  - K1: !!opencv-matrix
      cols: 3
      data: [640.0000011487338, 0.0, 640.0, 0.0, 640.0000011487338, 360.0, 0.0, 0.0,
        1.0]
      dt: d
      rows: 3
    K2: !!opencv-matrix
      cols: 3
      data: [640.0000011487338, 0.0, 640.0, 0.0, 640.0000011487338, 360.0, 0.0, 0.0,
        1.0]
      dt: d
      rows: 3
    R: !!opencv-matrix
      cols: 3
      data: [0.9961139274627738, 0.00015758245491254846, 0.08807393872456162, 0.005235963825436674,
        0.9981237599872647, -0.061004462391730206, -0.08791830410959171, 0.06122854658290698,
        0.9942441535587917]
      dt: d
      rows: 3
    t: !!opencv-matrix
      cols: 1
      data: [-1.0, -0.2, 0.03747264663660141]
      dt: d
      rows: 3
  - K1: !!opencv-matrix
      cols: 3
      data: [640.0000011487338, 0.0, 640.0, 0.0, 640.0000011487338, 360.0, 0.0, 0.0,
        1.0]
      dt: d
      rows: 3
    K2: !!opencv-matrix
      cols: 3
      data: [640.0000011487338, 0.0, 640.0, 0.0, 640.0000011487338, 360.0, 0.0, 0.0,
        1.0]
      dt: d
      rows: 3
    R: !!opencv-matrix
      cols: 3
      data: [0.9961521942354844, 0.00013086644743800016, 0.08764010950359792, 0.005235963825436674,
        0.9981237599872647, -0.061004462391730206, -0.08748365906069784, 0.06122860951269628,
        0.9942824884179009]
      dt: d
      rows: 3
    t: !!opencv-matrix
      cols: 1
      data: [-1.0, -0.2, 0.03747264663660141]
      dt: d
      rows: 3
  - K1: !!opencv-matrix
      cols: 3
      data: [640.0000011487338, 0.0, 640.0, 0.0, 640.0000011487338, 360.0, 0.0, 0.0,
        1.0]
      dt: d
      rows: 3
    K2: !!opencv-matrix
      cols: 3
      data: [640.0000011487338, 0.0, 640.0, 0.0, 640.0000011487338, 360.0, 0.0, 0.0,
        1.0]
      dt: d
      rows: 3
    R: !!opencv-matrix
      cols: 3
      data: [0.9961902713548791, 0.00010415041504832981, 0.08720626359719452, 0.005235963825436674,
        0.9981237599872647, -0.061004462391730206, -0.08704899735615022, 0.061228660785422634,
        0.9943206339796598]
      dt: d
      rows: 3
    t: !!opencv-matrix
      cols: 1
      data: [-1.0, -0.2, 0.03747264663660141]
      dt: d
      rows: 3
  - K1: !!opencv-matrix
      cols: 3
      data: [640.0000011487338, 0.0, 640.0, 0.0, 640.0000011487338, 360.0, 0.0, 0.0,
        1.0]
      dt: d
      rows: 3
    K2: !!opencv-matrix
      cols: 3
      data: [640.0000011487338, 0.0, 640.0, 0.0, 640.0000011487338, 360.0, 0.0, 0.0,
        1.0]
      dt: d
      rows: 3
    R: !!opencv-matrix
      cols: 3
      data: [0.9962281588137084, 7.743436282989062e-05, 0.08677240108794955, 0.005235963825436674,
        0.9981237599872647, -0.061004462391730206, -0.08661431907870229, 0.06122870040107629,
        0.9943585902368058]
      dt: d
      rows: 3
    t: !!opencv-matrix
      cols: 1
      data: [-1.0, -0.2, 0.03747264663660141]
      dt: d
      rows: 3
  - K1: !!opencv-matrix
      cols: 3
      data: [640.0000011487338, 0.0, 640.0, 0.0, 640.0000011487338, 360.0, 0.0, 0.0,
        1.0]
      dt: d
      rows: 3
    K2: !!opencv-matrix
      cols: 3
      data: [640.0000011487338, 0.0, 640.0, 0.0, 640.0000011487338, 360.0, 0.0, 0.0,
        1.0]
      dt: d
      rows: 3
    R: !!opencv-matrix
      cols: 3
      data: [0.9962658566047593, 5.071829586904015e-05, 0.08633852205846428, 0.005235963825436674,
        0.9981237599872647, -0.061004462391730206, -0.08617962431111066, 0.061228728359649695,
        0.9943963571821128]
      dt: d
      rows: 3
    t: !!opencv-matrix
      cols: 1
      data: [-1.0, -0.2, 0.03747264663660141]
      dt: d
      rows: 3
  - K1: !!opencv-matrix
      cols: 3
      data: [640.0000011487338, 0.0, 640.0, 0.0, 640.0000011487338, 360.0, 0.0, 0.0,
        1.0]
      dt: d
      rows: 3
    K2: !!opencv-matrix
      cols: 3
      data: [640.0000011487338, 0.0, 640.0, 0.0, 640.0000011487338, 360.0, 0.0, 0.0,
        1.0]
      dt: d
      rows: 3
    R: !!opencv-matrix
      cols: 3
      data: [0.9963033647208542, 2.400221925214288e-05, 0.08590462659134317, 0.005235963825436674,
        0.9981237599872647, -0.061004462391730206, -0.08574491313613508, 0.06122874466113753,
        0.9944339348083903]
      dt: d
      rows: 3
    t: !!opencv-matrix
      cols: 1
      data: [-1.0, -0.2, 0.03747264663660141]
      dt: d
      rows: 3
  - K1: !!opencv-matrix
      cols: 3
      data: [640.0000011487338, 0.0, 640.0, 0.0, 640.0000011487338, 360.0, 0.0, 0.0,
        1.0]
      dt: d
      rows: 3
    K2: !!opencv-matrix
      cols: 3
      data: [640.0000011487338, 0.0, 640.0, 0.0, 640.0000011487338, 360.0, 0.0, 0.0,
        1.0]
      dt: d
      rows: 3
    R: !!opencv-matrix
      cols: 3
      data: [0.9963406831548525, -2.7138619344392947e-06, 0.08547071476919378, 0.005235963825436674,
        0.9981237599872647, -0.061004462391730206, -0.08531018563653842, 0.061228749305536685,
        0.9944713231084842]
      dt: d
      rows: 3
    t: !!opencv-matrix
      cols: 1
      data: [-1.0, -0.2, 0.03747264663660141]
      dt: d
      rows: 3
  - K1: !!opencv-matrix
      cols: 3
      data: [640.0000011487338, 0.0, 640.0, 0.0, 640.0000011487338, 360.0, 0.0, 0.0,
        1.0]
      dt: d
      rows: 3
    K2: !!opencv-matrix
      cols: 3
      data: [640.0000011487338, 0.0, 640.0, 0.0, 640.0000011487338, 360.0, 0.0, 0.0,
        1.0]
      dt: d
      rows: 3
    R: !!opencv-matrix
      cols: 3
      data: [0.9963778118996491, -2.9429942604337553e-05, 0.08503678667462686, 0.005235963825436674,
        0.9981237599872647, -0.061004462391730206, -0.0848754418950867, 0.0612287422928463,
        0.9945085220752762]
      dt: d
      rows: 3
    t: !!opencv-matrix
      cols: 1
      data: [-1.0, -0.2, 0.03747264663660141]
      dt: d
      rows: 3
  - K1: !!opencv-matrix
      cols: 3
      data: [640.0000011487338, 0.0, 640.0, 0.0, 640.0000011487338, 360.0, 0.0, 0.0,
        1.0]
      dt: d
      rows: 3
    K2: !!opencv-matrix
      cols: 3
      data: [640.0000011487338, 0.0, 640.0, 0.0, 640.0000011487338, 360.0, 0.0, 0.0,
        1.0]
      dt: d
      rows: 3
    R: !!opencv-matrix
      cols: 3
      data: [0.9964147509481753, -5.614601767119261e-05, 0.0846028423902561, 0.005235963825436674,
        0.9981237599872647, -0.061004462391730206, -0.08444068199454889, 0.06122872362306768,
        0.9945455317016841]
      dt: d
      rows: 3
    t: !!opencv-matrix
      cols: 1
      data: [-1.0, -0.2, 0.03747264663660141]
      dt: d
      rows: 3
  - K1: !!opencv-matrix
      cols: 3
      data: [640.0000011487338, 0.0, 640.0, 0.0, 640.0000011487338, 360.0, 0.0, 0.0,
        1.0]
      dt: d
      rows: 3
    K2: !!opencv-matrix
      cols: 3
      data: [640.0000011487338, 0.0, 640.0, 0.0, 640.0000011487338, 360.0, 0.0, 0.0,
        1.0]
      dt: d
      rows: 3
    R: !!opencv-matrix
      cols: 3
      data: [0.9964515002933985, -8.286208204863737e-05, 0.08416888199869843, 0.005235963825436674,
        0.9981237599872647, -0.061004462391730206, -0.08400590601769724, 0.0612286932962044,
        0.9945823519806619]
      dt: d
      rows: 3
    t: !!opencv-matrix
      cols: 1
      data: [-1.0, -0.2, 0.03747264663660141]
      dt: d
      rows: 3
  - K1: !!opencv-matrix
      cols: 3
      data: [640.0000011487338, 0.0, 640.0, 0.0, 640.0000011487338, 360.0, 0.0, 0.0,
        1.0]
      dt: d
      rows: 3
    K2: !!opencv-matrix
      cols: 3
      data: [640.0000011487338, 0.0, 640.0, 0.0, 640.0000011487338, 360.0, 0.0, 0.0,
        1.0]
      dt: d
      rows: 3
    R: !!opencv-matrix
      cols: 3
      data: [0.9964880599283219, -0.00010957813065031255, 0.08373490558257375, 0.005235963825436674,
        0.9981237599872647, -0.061004462391730206, -0.0835711140473069, 0.06122865131226221,
        0.9946189829051995]
      dt: d
      rows: 3
    t: !!opencv-matrix
      cols: 1
      data: [-1.0, -0.2, 0.03747264663660141]
      dt: d
      rows: 3
  - K1: !!opencv-matrix
      cols: 3
      data: [640.0000011487338, 0.0, 640.0, 0.0, 640.0000011487338, 360.0, 0.0, 0.0,
        1.0]
      dt: d
      rows: 3
    K2: !!opencv-matrix
      cols: 3
      data: [640.0000011487338, 0.0, 640.0, 0.0, 640.0000011487338, 360.0, 0.0, 0.0,
        1.0]
      dt: d
      rows: 3
    R: !!opencv-matrix
      cols: 3
      data: [0.9965244298459852, -0.00013629415838985626, 0.08330091322450509, 0.005235963825436674,
        0.9981237599872647, -0.061004462391730206, -0.08313630616615617, 0.061228597671249135,
        0.9946554244683229]
      dt: d
      rows: 3
    t: !!opencv-matrix
      cols: 1
      data: [-1.0, -0.2, 0.03747264663660141]
      dt: d
      rows: 3
  - K1: !!opencv-matrix
      cols: 3
      data: [640.0000011487338, 0.0, 640.0, 0.0, 640.0000011487338, 360.0, 0.0, 0.0,
        1.0]
      dt: d
      rows: 3
    K2: !!opencv-matrix
      cols: 3
      data: [640.0000011487338, 0.0, 640.0, 0.0, 640.0000011487338, 360.0, 0.0, 0.0,
        1.0]
      dt: d
      rows: 3
    R: !!opencv-matrix
      cols: 3
      data: [0.9965606100394642, -0.00016301016018091877, 0.08286690500711838, 0.005235963825436674,
        0.9981237599872647, -0.061004462391730206, -0.08270148245702627, 0.06122853237317537,
        0.9946916766630941]
      dt: d
      rows: 3
    t: !!opencv-matrix
      cols: 1
      data: [-1.0, -0.2, 0.03747264663660141]
      dt: d
      rows: 3
  - K1: !!opencv-matrix
      cols: 3
      data: [640.0000011487338, 0.0, 640.0, 0.0, 640.0000011487338, 360.0, 0.0, 0.0,
        1.0]
      dt: d
      rows: 3
    K2: !!opencv-matrix
      cols: 3
      data: [640.0000011487338, 0.0, 640.0, 0.0, 640.0000011487338, 360.0, 0.0, 0.0,
        1.0]
      dt: d
      rows: 3
    R: !!opencv-matrix
      cols: 3
      data: [0.9965966005018705, -0.00018972613093714685, 0.08243288101304275, 0.005235963825436674,
        0.9981237599872647, -0.061004462391730206, -0.08226664300270155, 0.06122845541805334,
        0.9947277394826111]
      dt: d
      rows: 3
    t: !!opencv-matrix
      cols: 1
      data: [-1.0, -0.2, 0.03747264663660141]
      dt: d
      rows: 3
  - K1: !!opencv-matrix
      cols: 3
      data: [640.0000011487338, 0.0, 640.0, 0.0, 640.0000011487338, 360.0, 0.0, 0.0,
        1.0]
      dt: d
      rows: 3
    K2: !!opencv-matrix
      cols: 3
      data: [640.0000011487338, 0.0, 640.0, 0.0, 640.0000011487338, 360.0, 0.0, 0.0,
        1.0]
      dt: d
      rows: 3
    R: !!opencv-matrix
      cols: 3
      data: [0.9966324012263522, -0.00021644206557219856, 0.08199884132491018, 0.005235963825436674,
        0.9981237599872647, -0.061004462391730206, -0.08183178788596927, 0.061228366805897716,
        0.9947636129200084]
      dt: d
      rows: 3
    t: !!opencv-matrix
      cols: 1
      data: [-1.0, -0.2, 0.03747264663660141]
      dt: d
      rows: 3
  - K1: !!opencv-matrix
      cols: 3
      data: [640.0000011487338, 0.0, 640.0, 0.0, 640.0000011487338, 360.0, 0.0, 0.0,
        1.0]
      dt: d
      rows: 3
    K2: !!opencv-matrix
      cols: 3
      data: [640.0000011487338, 0.0, 640.0, 0.0, 640.0000011487338, 360.0, 0.0, 0.0,
        1.0]
      dt: d
      rows: 3
    R: !!opencv-matrix
      cols: 3
      data: [0.9966680122060931, -0.00024315795899973285, 0.08156478602535576, 0.005235963825436674,
        0.9981237599872647, -0.061004462391730206, -0.08139691718961975, 0.061228266536725355,
        0.9947992969684558]
      dt: d
      rows: 3
    t: !!opencv-matrix
      cols: 1
      data: [-1.0, -0.2, 0.03747264663660141]
      dt: d
      rows: 3
  - K1: !!opencv-matrix
      cols: 3
      data: [640.0000011487338, 0.0, 640.0, 0.0, 640.0000011487338, 360.0, 0.0, 0.0,
        1.0]
      dt: d
      rows: 3
    K2: !!opencv-matrix
      cols: 3
      data: [640.0000011487338, 0.0, 640.0, 0.0, 640.0000011487338, 360.0, 0.0, 0.0,
        1.0]
      dt: d
      rows: 3
    R: !!opencv-matrix
      cols: 3
      data: [0.9967034334343137, -0.0002698738061334277, 0.08113071519701745, 0.005235963825436674,
        0.9981237599872647, -0.061004462391730206, -0.0809620309964462, 0.06122815461055534,
        0.9948347916211598]
      dt: d
      rows: 3
    t: !!opencv-matrix
      cols: 1
      data: [-1.0, -0.2, 0.03747264663660141]
      dt: d
      rows: 3
  - K1: !!opencv-matrix
      cols: 3
      data: [640.0000011487338, 0.0, 640.0, 0.0, 640.0000011487338, 360.0, 0.0, 0.0,
        1.0]
      dt: d
      rows: 3
    K2: !!opencv-matrix
      cols: 3
      data: [640.0000011487338, 0.0, 640.0, 0.0, 640.0000011487338, 360.0, 0.0, 0.0,
        1.0]
      dt: d
      rows: 3
    R: !!opencv-matrix
      cols: 3
      data: [0.99673866490427, -0.0002965896018869594, 0.08069662892253619, 0.005235963825436674,
        0.9981237599872647, -0.061004462391730206, -0.08052712938924478, 0.061228031027409,
        0.9948700968713626]
      dt: d
      rows: 3
    t: !!opencv-matrix
      cols: 1
      data: [-1.0, -0.2, 0.03747264663660141]
      dt: d
      rows: 3
  - K1: !!opencv-matrix
      cols: 3
      data: [640.0000011487338, 0.0, 640.0, 0.0, 640.0000011487338, 360.0, 0.0, 0.0,
        1.0]
      dt: d
      rows: 3
    K2: !!opencv-matrix
      cols: 3
      data: [640.0000011487338, 0.0, 640.0, 0.0, 640.0000011487338, 360.0, 0.0, 0.0,
        1.0]
      dt: d
      rows: 3
    R: !!opencv-matrix
      cols: 3
      data: [0.9967737066092546, -0.00032330534117401555, 0.08026252728455592, 0.005235963825436674,
        0.9981237599872647, -0.061004462391730206, -0.08009221245081469, 0.06122789578730984,
        0.9949052127123427]
      dt: d
      rows: 3
    t: !!opencv-matrix
      cols: 1
      data: [-1.0, -0.2, 0.03747264663660141]
      dt: d
      rows: 3
  - K1: !!opencv-matrix
      cols: 3
      data: [640.0000011487338, 0.0, 640.0, 0.0, 640.0000011487338, 360.0, 0.0, 0.0,
        1.0]
      dt: d
      rows: 3
    K2: !!opencv-matrix
      cols: 3
      data: [640.0000011487338, 0.0, 640.0, 0.0, 640.0000011487338, 360.0, 0.0, 0.0,
        1.0]
      dt: d
      rows: 3
    R: !!opencv-matrix
      cols: 3
      data: [0.996808558542596, -0.0003500210189083001, 0.07982841036572344, 0.005235963825436674,
        0.9981237599872647, -0.061004462391730206, -0.07965728026395791, 0.06122774889028364,
        0.9949401391374144]
      dt: d
      rows: 3
    t: !!opencv-matrix
      cols: 1
      data: [-1.0, -0.2, 0.03747264663660141]
      dt: d
      rows: 3
  - K1: !!opencv-matrix
      cols: 3
      data: [640.0000011487338, 0.0, 640.0, 0.0, 640.0000011487338, 360.0, 0.0, 0.0,
        1.0]
      dt: d
      rows: 3
    K2: !!opencv-matrix
      cols: 3
      data: [640.0000011487338, 0.0, 640.0, 0.0, 640.0000011487338, 360.0, 0.0, 0.0,
        1.0]
      dt: d
      rows: 3
    R: !!opencv-matrix
      cols: 3
      data: [0.996843220697659, -0.00037673663000352235, 0.07939427824868851, 0.005235963825436674,
        0.9981237599872647, -0.061004462391730206, -0.07922233291147944, 0.06122759033635833,
        0.9949748761399283]
      dt: d
      rows: 3
    t: !!opencv-matrix
      cols: 1
      data: [-1.0, -0.2, 0.03747264663660141]
      dt: d
      rows: 3
  - K1: !!opencv-matrix
      cols: 3
      data: [640.0000011487338, 0.0, 640.0, 0.0, 640.0000011487338, 360.0, 0.0, 0.0,
        1.0]
      dt: d
      rows: 3
    K2: !!opencv-matrix
      cols: 3
      data: [640.0000011487338, 0.0, 640.0, 0.0, 640.0000011487338, 360.0, 0.0, 0.0,
        1.0]
      dt: d
      rows: 3
    R: !!opencv-matrix
      cols: 3
      data: [0.9968776930678441, -0.0004034521693734097, 0.07896013101610372, 0.005235963825436674,
        0.9981237599872647, -0.061004462391730206, -0.07878737047618709, 0.061227420125564126,
        0.9950094237132711]
      dt: d
      rows: 3
    t: !!opencv-matrix
      cols: 1
      data: [-1.0, -0.2, 0.03747264663660141]
      dt: d
      rows: 3
  - K1: !!opencv-matrix
      cols: 3
      data: [640.0000011487338, 0.0, 640.0, 0.0, 640.0000011487338, 360.0, 0.0, 0.0,
        1.0]
      dt: d
      rows: 3
    K2: !!opencv-matrix
      cols: 3
      data: [640.0000011487338, 0.0, 640.0, 0.0, 640.0000011487338, 360.0, 0.0, 0.0,
        1.0]
      dt: d
      rows: 3
    R: !!opencv-matrix
      cols: 3
      data: [0.9969119756465886, -0.00043016763193169834, 0.07852596875062459, 0.005235963825436674,
        0.9981237599872647, -0.061004462391730206, -0.07835239304089155, 0.061227238257933414,
        0.9950437818508651]
      dt: d
      rows: 3
    t: !!opencv-matrix
      cols: 1
      data: [-1.0, -0.2, 0.03747264663660141]
      dt: d
      rows: 3
  - K1: !!opencv-matrix
      cols: 3
      data: [640.0000011487338, 0.0, 640.0, 0.0, 640.0000011487338, 360.0, 0.0, 0.0,
        1.0]
      dt: d
      rows: 3
    K2: !!opencv-matrix
      cols: 3
      data: [640.0000011487338, 0.0, 640.0, 0.0, 640.0000011487338, 360.0, 0.0, 0.0,
        1.0]
      dt: d
      rows: 3
    R: !!opencv-matrix
      cols: 3
      data: [0.9969460684273654, -0.0004568830125921434, 0.07809179153490949, 0.005235963825436674,
        0.9981237599872647, -0.061004462391730206, -0.07791740068840641, 0.06122704473350083,
        0.9950779505461691]
      dt: d
      rows: 3
    t: !!opencv-matrix
      cols: 1
      data: [-1.0, -0.2, 0.03747264663660141]
      dt: d
      rows: 3
  - K1: !!opencv-matrix
      cols: 3
      data: [640.0000011487338, 0.0, 640.0, 0.0, 640.0000011487338, 360.0, 0.0, 0.0,
        1.0]
      dt: d
      rows: 3
    K2: !!opencv-matrix
      cols: 3
      data: [640.0000011487338, 0.0, 640.0, 0.0, 640.0000011487338, 360.0, 0.0, 0.0,
        1.0]
      dt: d
      rows: 3
    R: !!opencv-matrix
      cols: 3
      data: [0.9969799714036837, -0.0004835983062685097, 0.07765759945161965, 0.005235963825436674,
        0.9981237599872647, -0.061004462391730206, -0.07748239350154809, 0.06122683955230321,
        0.995111929792678]
      dt: d
      rows: 3
    t: !!opencv-matrix
      cols: 1
      data: [-1.0, -0.2, 0.03747264663660141]
      dt: d
      rows: 3
  - K1: !!opencv-matrix
      cols: 3
      data: [640.0000011487338, 0.0, 640.0, 0.0, 640.0000011487338, 360.0, 0.0, 0.0,
        1.0]
      dt: d
      rows: 3
    K2: !!opencv-matrix
      cols: 3
      data: [640.0000011487338, 0.0, 640.0, 0.0, 640.0000011487338, 360.0, 0.0, 0.0,
        1.0]
      dt: d
      rows: 3
    R: !!opencv-matrix
      cols: 3
      data: [0.997013684569089, -0.0005103135078745871, 0.07722339258341909, 0.005235963825436674,
        0.9981237599872647, -0.061004462391730206, -0.07704737156313579, 0.061226622714379626,
        0.9951457195839226]
      dt: d
      rows: 3
    t: !!opencv-matrix
      cols: 1
      data: [-1.0, -0.2, 0.03747264663660141]
      dt: d
      rows: 3
  - K1: !!opencv-matrix
      cols: 3
      data: [640.0000011487338, 0.0, 640.0, 0.0, 640.0000011487338, 360.0, 0.0, 0.0,
        1.0]
      dt: d
      rows: 3
    K2: !!opencv-matrix
      cols: 3
      data: [640.0000011487338, 0.0, 640.0, 0.0, 640.0000011487338, 360.0, 0.0, 0.0,
        1.0]
      dt: d
      rows: 3
    R: !!opencv-matrix
      cols: 3
      data: [0.9970472079171626, -0.000537028612324175, 0.07678917101297465, 0.005235963825436674,
        0.9981237599872647, -0.061004462391730206, -0.07661233495599153, 0.06122639421977136,
        0.9951793199134696]
      dt: d
      rows: 3
    t: !!opencv-matrix
      cols: 1
      data: [-1.0, -0.2, 0.03747264663660141]
      dt: d
      rows: 3
  - K1: !!opencv-matrix
      cols: 3
      data: [640.0000011487338, 0.0, 640.0, 0.0, 640.0000011487338, 360.0, 0.0, 0.0,
        1.0]
      dt: d
      rows: 3
    K2: !!opencv-matrix
      cols: 3
      data: [640.0000011487338, 0.0, 640.0, 0.0, 640.0000011487338, 360.0, 0.0, 0.0,
        1.0]
      dt: d
      rows: 3
    R: !!opencv-matrix
      cols: 3
      data: [0.9970805414415224, -0.0005637436145310972, 0.07635493482295605, 0.005235963825436674,
        0.9981237599872647, -0.061004462391730206, -0.07617728376294018, 0.06122615406852191,
        0.9952127307749224]
      dt: d
      rows: 3
    t: !!opencv-matrix
      cols: 1
      data: [-1.0, -0.2, 0.03747264663660141]
      dt: d
      rows: 3
  - K1: !!opencv-matrix
      cols: 3
      data: [640.0000011487338, 0.0, 640.0, 0.0, 640.0000011487338, 360.0, 0.0, 0.0,
        1.0]
      dt: d
      rows: 3
    K2: !!opencv-matrix
      cols: 3
