%YAML:1.0
---
# This file contains user specific parameters used to generate multiple consecutive stereo frames with correspondences.
#
#
# Number of total frames. Max. 10000
nrTotalFrames: 200
# ---- Options for stereo extrinsics ----
#
#
# Number of different stereo configurations (max. 1000).
# The number of frames per camera configuration is controlled by the smallest number of the change rates (e.g. txChangeFRate) for tx, ty, tz, roll, pitch, and yaw.
nrStereoConfigs: 200
# Specifies after how many frames the x-component for the translation vector between the stereo cameras shall be changed linearly by a given value.
# Set this value to 0, if you do not want to change the x-component linearly.
txChangeFRate: 0
# Specifies after how many frames the y-component for the translation vector between the stereo cameras shall be changed linearly by a given value.
# Set this value to 0, if you do not want to change the y-component linearly.
tyChangeFRate: 0
# Specifies after how many frames the z-component for the translation vector between the stereo cameras shall be changed linearly by a given value.
# Set this value to 0, if you do not want to change the z-component linearly.
tzChangeFRate: 0
# Specifies after how many frames the roll angle (angle about x-axis) between the stereo cameras shall be changed linearly by a given value.
# Set this value to 0, if you do not want to change the roll linearly.
rollChangeFRate: 1
# Specifies after how many frames the pitch angle (angle about y-axis) between the stereo cameras shall be changed linearly by a given value.
# Set this value to 0, if you do not want to change the pitch linearly.
pitchChangeFRate: 0
# Specifies after how many frames the yaw angle (angle about z-axis) between the stereo cameras shall be changed linearly by a given value.
# Set this value to 0, if you do not want to change the yaw linearly.
yawChangeFRate: 0
# Linear change rate for tx (x-component of the translation vector between the stereo cameras).
txLinChangeVal: -1.0000000000000000e-02
# Linear change rate for ty (y-component of the translation vector between the stereo cameras).
tyLinChangeVal: 1.0000000000000000e-03
# Linear change rate for tz (z-component of the translation vector between the stereo cameras).
tzLinChangeVal: 5.0000000000000001e-04
# Linear change rate for the roll angle (angle in degrees about x-axis) between the stereo cameras.
rollLinChangeVal: -2.5000000000000000e-02
# Linear change rate for the pitch angle (angle in degrees about y-axis) between the stereo cameras.
pitchLinChangeVal: 1.0000000000000001e-01
# Linear change rate for the yaw angle (angle in degrees about z-axis) between the stereo cameras.
yawLinChangeVal: 0
# Start value for tx (x-component (right) of the translation vector between the stereo cameras).
# Only used if the specified range is 0.
txStartVal: -1.
# Start value for ty (y-component (down) of the translation vector between the stereo cameras).
# Only used if the specified range is 0.
tyStartVal: 1.0000000000000001e-01
# Start value for tz (z-component (forward) of the translation vector between the stereo cameras).
# Only used if the specified range is 0.
tzStartVal: 1.0000000000000000e-02
# Start value for the roll angle (angle in degrees about x-axis, right handed coordinate system, R = R_y * R_z * R_x) between the stereo cameras.
# Only used if the specified range is 0.
rollStartVal: 2.
# Start value for the pitch angle (angle in degrees about y-axis, right handed coordinate system, R = R_y * R_z * R_x) between the stereo cameras.
# Only used if the specified range is 0.
pitchStartVal: -8.1999999999999993e+00
# Start value for the yaw angle (angle in degrees about z-axis, right handed coordinate system, R = R_y * R_z * R_x) between the stereo cameras.
# Only used if the specified range is 0.
yawStartVal: 2.9999999999999999e-01
# Possible range of the initial tx (x-component (right) of the translation vector between the stereo cameras) to be able to meet a user specific image overlap.
# The optimal tx starting-value is by default only estimated for the first stereo configuration. If specified by txVariable, the range is used for every new configuration.
# If the range (difference between both values) is 0, tx will be kept fixed at the given start value for tx.
txRange:
   first: 0
   second: 0
# Possible range of the initial ty (y-component (down) of the translation vector between the stereo cameras) to be able to meet a user specific image overlap.
# The optimal ty starting-value is by default only estimated for the first stereo configuration. If specified by tyVariable, the range is used for every new configuration.
# If the range (difference between both values) is 0, ty will be kept fixed at the given start value for ty.
tyRange:
   first: -2.0000000000000001e-01
   second: 2.0000000000000001e-01
# Possible range of the initial tz (z-component (forward) of the translation vector between the stereo cameras) to be able to meet a user specific image overlap.
# The optimal tz starting-value is by default only estimated for the first stereo configuration. If specified by tzVariable, the range is used for every new configuration.
# If the range (difference between both values) is 0, tz will be kept fixed at the given start value for tz.
tzRange:
   first: -1.0000000000000001e-01
   second: 1.0000000000000001e-01
# Possible range for the initial roll angle (angle in degrees about x-axis between the stereo cameras, right handed coordinate system, R = R_y * R_z * R_x)
# to be able to meet a user specific image overlap. The optimal roll starting-value is by default only estimated for the
# first stereo configuration. If specified by rollVariable, the range is used for every new configuration.
# If the range (difference between both values) is 0, the roll angle will be kept fixed at the given start value for roll.
rollRange:
   first: -8.
   second: 8.
# Possible range for the initial pitch angle (angle in degrees about y-axis between the stereo cameras, right handed coordinate system, R = R_y * R_z * R_x)
# to be able to meet a user specific image overlap. The optimal pitch starting-value is by default only estimated for the
# first stereo configuration. If specified by pitchVariable, the range is used for every new configuration.
# If the range (difference between both values) is 0, the pitch angle will be kept fixed at the given start value for pitch.
pitchRange:
   first: -20.
   second: 20.
# Possible range for the initial yaw angle (angle in degrees about z-axis between the stereo cameras, right handed coordinate system, R = R_y * R_z * R_x)
# to be able to meet a user specific image overlap. The optimal yaw starting-value is by default only estimated for the
# first stereo configuration. If specified by yawVariable, the range is used for every new configuration.
# If the range (difference between both values) is 0, the yaw angle will be kept fixed at the given start value for yaw.
yawRange:
   first: 0
   second: 0
# Use the specified tx-range for every new stereo configuration (not only for the first) where tx should change (depends on txChangeFRate).
# If this value is 1, an optimal value is selected within the given range for every new changed stereo configuration to meet a
# specific image overlap between the 2 stereo cameras. Otherwise set the value to 0.
txVariable: 0
# Use the specified ty-range for every new stereo configuration (not only for the first) where ty should change (depends on tyChangeFRate).
# If this value is 1, an optimal value is selected within the given range for every new changed stereo configuration to meet a
# specific image overlap between the 2 stereo cameras. Otherwise set the value to 0.
tyVariable: 0
# Use the specified tz-range for every new stereo configuration (not only for the first) where tz should change (depends on tzChangeFRate).
# If this value is 1, an optimal value is selected within the given range for every new changed stereo configuration to meet a
# specific image overlap between the 2 stereo cameras. Otherwise set the value to 0.
tzVariable: 0
# Use the specified roll-range for every new stereo configuration (not only for the first) where the roll angle should change (depends on rollChangeFRate).
# If this value is 1, an optimal value is selected within the given range for every new changed stereo configuration to meet a
# specific image overlap between the 2 stereo cameras. Otherwise set the value to 0.
rollVariable: 0
# Use the specified pitch-range for every new stereo configuration (not only for the first) where the pitch angle should change (depends on pitchChangeFRate).
# If this value is 1, an optimal value is selected within the given range for every new changed stereo configuration to meet a
# specific image overlap between the 2 stereo cameras. Otherwise set the value to 0.
pitchVariable: 0
# Use the specified yaw-range for every new stereo configuration (not only for the first) where the yaw angle should change (depends on yawChangeFRate).
# If this value is 1, an optimal value is selected within the given range for every new changed stereo configuration to meet a
# specific image overlap between the 2 stereo cameras. Otherwise set the value to 0.
yawVariable: 0
# Set this variable to 1 if you want to use your own extrinsic and intrinsic camera parameters (set them in specificCamPars).
# Otherwise, set this value to 0.
useSpecificCamPars: 1
# Input for specific extrinsic and intrinsic stereo camera parameters. The translation vectors must include the scale factor.
# Rotation matrices must be generated by R = R_y * R_z * R_x (right handed coordinate system, x-axis: right, y-axis: down, z-axis: forward); x2 = R * x1 + t.
# Every list element specifies a new stereo pair. To use these parameters,useSpecificCamPars must be set to 1.
# Currently there is only support for different extrinsics. The camera matrices stay the same as for the first stereo configuration
# regardless of what is entered for the camera matrices in the subsequent configurations.
# The update frequence (in frames) is calculated by nrTotalFrames devided by the number of entered stereo configurations (here) or nrStereoConfigs (whatever value is smaller; nrStereoConfigs is not allowed to be larger than the number of entries entered here).
specificCamPars:
  - K1: !!opencv-matrix
      cols: 3
      data: [640.0000011487338, 0.0, 640.0, 0.0, 640.0000011487338, 360.0, 0.0, 0.0,
        1.0]
      dt: d
      rows: 3
    K2: !!opencv-matrix
      cols: 3
      data: [640.0000011487338, 0.0, 640.0, 0.0, 640.0000011487338, 360.0, 0.0, 0.0,
        1.0]
      dt: d
      rows: 3
    R: !!opencv-matrix
      cols: 3
      data: [0.9999861631526762, -0.005191349110482963, -0.0008505278374862649, 0.005235963825436674,
        0.9978321181803786, 0.06560219973810104, 0.0005081200723941801, -0.06560574534346876,
        0.9978454930458522]
      dt: d
      rows: 3
    t: !!opencv-matrix
      cols: 1
      data: [-0.9999999985094356, -0.2, -0.02880341921954238]
      dt: d
      rows: 3
  - K1: !!opencv-matrix
      cols: 3
      data: [640.0000011487338, 0.0, 640.0, 0.0, 640.0000011487338, 360.0, 0.0, 0.0,
        1.0]
      dt: d
      rows: 3
    K2: !!opencv-matrix
      cols: 3
      data: [640.0000011487338, 0.0, 640.0, 0.0, 640.0000011487338, 360.0, 0.0, 0.0,
        1.0]
      dt: d
      rows: 3
    R: !!opencv-matrix
      cols: 3
      data: [0.9999861631526762, -0.005190977503536768, -0.0008527929098125142, 0.005235963825436674,
        0.9978033988351952, 0.06603757987503182, 0.0005081200723941801, -0.06604113131594783,
        0.9978167721523336]
      dt: d
      rows: 3
    t: !!opencv-matrix
      cols: 1
      data: [-0.9999999985094356, -0.2, -0.02880341921954238]
      dt: d
      rows: 3
  - K1: !!opencv-matrix
      cols: 3
      data: [640.0000011487338, 0.0, 640.0, 0.0, 640.0000011487338, 360.0, 0.0, 0.0,
        1.0]
      dt: d
      rows: 3
    K2: !!opencv-matrix
      cols: 3
      data: [640.0000011487338, 0.0, 640.0, 0.0, 640.0000011487338, 360.0, 0.0, 0.0,
        1.0]
      dt: d
      rows: 3
    R: !!opencv-matrix
      cols: 3
      data: [0.9999861631526762, -0.005190604908301733, -0.0008550578197790315, 0.005235963825436674,
        0.9977744895223296, 0.0664729474393396, 0.0005081200723941801, -0.06647650471512774,
        0.9977878612885865]
      dt: d
      rows: 3
    t: !!opencv-matrix
      cols: 1
      data: [-0.9999999985094356, -0.2, -0.02880341921954238]
      dt: d
      rows: 3
  - K1: !!opencv-matrix
      cols: 3
      data: [640.0000011487338, 0.0, 640.0, 0.0, 640.0000011487338, 360.0, 0.0, 0.0,
        1.0]
      dt: d
      rows: 3
    K2: !!opencv-matrix
      cols: 3
      data: [640.0000011487338, 0.0, 640.0, 0.0, 640.0000011487338, 360.0, 0.0, 0.0,
        1.0]
      dt: d
      rows: 3
    R: !!opencv-matrix
      cols: 3
      data: [0.9999861631526762, -0.005190231324848794, -0.00085732256695461, 0.005235963825436674,
        0.997745390247286, 0.06690830234813652, 0.0005081200723941801, -0.06691186545811954,
        0.9977587604601157]
      dt: d
      rows: 3
    t: !!opencv-matrix
      cols: 1
      data: [-0.9999999985094356, -0.2, -0.02880341921954238]
      dt: d
      rows: 3
  - K1: !!opencv-matrix
      cols: 3
      data: [640.0000011487338, 0.0, 640.0, 0.0, 640.0000011487338, 360.0, 0.0, 0.0,
        1.0]
      dt: d
      rows: 3
    K2: !!opencv-matrix
      cols: 3
      data: [640.0000011487338, 0.0, 640.0, 0.0, 640.0000011487338, 360.0, 0.0, 0.0,
        1.0]
      dt: d
      rows: 3
    R: !!opencv-matrix
      cols: 3
      data: [0.9999861631526762, -0.005189856753249077, -0.0008595871509080738, 0.005235963825436674,
        0.9977161010156044, 0.06734364451853715, 0.0005081200723941801, -0.06734721346203669,
        0.9977294696724613]
      dt: d
      rows: 3
    t: !!opencv-matrix
      cols: 1
      data: [-0.9999999985094356, -0.2, -0.02880341921954238]
      dt: d
      rows: 3
  - K1: !!opencv-matrix
      cols: 3
      data: [640.0000011487338, 0.0, 640.0, 0.0, 640.0000011487338, 360.0, 0.0, 0.0,
        1.0]
      dt: d
      rows: 3
    K2: !!opencv-matrix
      cols: 3
      data: [640.0000011487338, 0.0, 640.0, 0.0, 640.0000011487338, 360.0, 0.0, 0.0,
        1.0]
      dt: d
      rows: 3
    R: !!opencv-matrix
      cols: 3
      data: [0.9999861631526762, -0.005189481193573894, -0.000861851571208278, 0.005235963825436674,
        0.9976866218328609, 0.0677789738676585, 0.0005081200723941801, -0.06778254864399506,
        0.9976999889312]
      dt: d
      rows: 3
    t: !!opencv-matrix
      cols: 1
      data: [-0.9999999985094356, -0.2, -0.02880341921954238]
      dt: d
      rows: 3
  - K1: !!opencv-matrix
      cols: 3
      data: [640.0000011487338, 0.0, 640.0, 0.0, 640.0000011487338, 360.0, 0.0, 0.0,
        1.0]
      dt: d
      rows: 3
    K2: !!opencv-matrix
      cols: 3
      data: [640.0000011487338, 0.0, 640.0, 0.0, 640.0000011487338, 360.0, 0.0, 0.0,
        1.0]
      dt: d
      rows: 3
    R: !!opencv-matrix
      cols: 3
      data: [0.9999861631526762, -0.005189104645894748, -0.0008641158274241091, 0.005235963825436674,
        0.9976569527046681, 0.06821429031261998, 0.0005081200723941801, -0.068217870921113,
        0.9976703182419443]
      dt: d
      rows: 3
    t: !!opencv-matrix
      cols: 1
      data: [-0.9999999985094356, -0.2, -0.02880341921954238]
      dt: d
      rows: 3
  - K1: !!opencv-matrix
      cols: 3
      data: [640.0000011487338, 0.0, 640.0, 0.0, 640.0000011487338, 360.0, 0.0, 0.0,
        1.0]
      dt: d
      rows: 3
    K2: !!opencv-matrix
      cols: 3
      data: [640.0000011487338, 0.0, 640.0, 0.0, 640.0000011487338, 360.0, 0.0, 0.0,
        1.0]
      dt: d
      rows: 3
    R: !!opencv-matrix
      cols: 3
      data: [0.9999861631526762, -0.005188727110283327, -0.0008663799191244846, 0.005235963825436674,
        0.9976270936366746, 0.06864959377054353, 0.0005081200723941801, -0.0686531802105113,
        0.9976404576103433]
      dt: d
      rows: 3
    t: !!opencv-matrix
      cols: 1
      data: [-0.9999999985094356, -0.2, -0.02880341921954238]
      dt: d
      rows: 3
  - K1: !!opencv-matrix
      cols: 3
      data: [640.0000011487338, 0.0, 640.0, 0.0, 640.0000011487338, 360.0, 0.0, 0.0,
        1.0]
      dt: d
      rows: 3
    K2: !!opencv-matrix
      cols: 3
      data: [640.0000011487338, 0.0, 640.0, 0.0, 640.0000011487338, 360.0, 0.0, 0.0,
        1.0]
      dt: d
      rows: 3
    R: !!opencv-matrix
      cols: 3
      data: [0.9999861631526762, -0.005188348586811508, -0.0008686438458783534, 0.005235963825436674,
        0.9975970446345649, 0.06908488415855349, 0.0005081200723941801, -0.0690884764293132,
        0.9976104070420818]
      dt: d
      rows: 3
    t: !!opencv-matrix
      cols: 1
      data: [-0.9999999985094356, -0.2, -0.02880341921954238]
      dt: d
      rows: 3
  - K1: !!opencv-matrix
      cols: 3
      data: [640.0000011487338, 0.0, 640.0, 0.0, 640.0000011487338, 360.0, 0.0, 0.0,
        1.0]
      dt: d
      rows: 3
    K2: !!opencv-matrix
      cols: 3
      data: [640.0000011487338, 0.0, 640.0, 0.0, 640.0000011487338, 360.0, 0.0, 0.0,
        1.0]
      dt: d
      rows: 3
    R: !!opencv-matrix
      cols: 3
      data: [0.9999861631526762, -0.005187969075551358, -0.0008709076072546957, 0.005235963825436674,
        0.9975668057040602, 0.06952016139377669, 0.0005081200723941801, -0.06952375949464444,
        0.9975801665428814]
      dt: d
      rows: 3
    t: !!opencv-matrix
      cols: 1
      data: [-0.9999999985094356, -0.2, -0.02880341921954238]
      dt: d
      rows: 3
  - K1: !!opencv-matrix
      cols: 3
      data: [640.0000011487338, 0.0, 640.0, 0.0, 640.0000011487338, 360.0, 0.0, 0.0,
        1.0]
      dt: d
      rows: 3
    K2: !!opencv-matrix
      cols: 3
      data: [640.0000011487338, 0.0, 640.0, 0.0, 640.0000011487338, 360.0, 0.0, 0.0,
        1.0]
      dt: d
      rows: 3
    R: !!opencv-matrix
      cols: 3
      data: [0.9999861631526762, -0.00518758857657513, -0.0008731712028225234, 0.005235963825436674,
        0.9975363768509173, 0.06995542539334253, 0.0005081200723941801, -0.06995902932363326,
        0.9975497361184991]
      dt: d
      rows: 3
    t: !!opencv-matrix
      cols: 1
      data: [-0.9999999985094356, -0.2, -0.02880341921954238]
      dt: d
      rows: 3
  - K1: !!opencv-matrix
      cols: 3
      data: [640.0000011487338, 0.0, 640.0, 0.0, 640.0000011487338, 360.0, 0.0, 0.0,
        1.0]
      dt: d
      rows: 3
    K2: !!opencv-matrix
      cols: 3
      data: [640.0000011487338, 0.0, 640.0, 0.0, 640.0000011487338, 360.0, 0.0, 0.0,
        1.0]
      dt: d
      rows: 3
    R: !!opencv-matrix
      cols: 3
      data: [0.9999861631526762, -0.005187207089955265, -0.0008754346321508801, 0.005235963825436674,
        0.9975057580809297, 0.07039067607438289, 0.0005081200723941801, -0.0703942858334105,
        0.9975191157747285]
      dt: d
      rows: 3
    t: !!opencv-matrix
      cols: 1
      data: [-0.9999999985094356, -0.2, -0.02880341921954238]
      dt: d
      rows: 3
  - K1: !!opencv-matrix
      cols: 3
      data: [640.0000011487338, 0.0, 640.0, 0.0, 640.0000011487338, 360.0, 0.0, 0.0,
        1.0]
      dt: d
      rows: 3
    K2: !!opencv-matrix
      cols: 3
      data: [640.0000011487338, 0.0, 640.0, 0.0, 640.0000011487338, 360.0, 0.0, 0.0,
        1.0]
      dt: d
      rows: 3
    R: !!opencv-matrix
      cols: 3
      data: [0.9999861631526762, -0.005186824615764392, -0.0008776978948088403, 0.005235963825436674,
        0.9974749493999265, 0.07082591335403214, 0.0005081200723941801, -0.07082952894110937,
        0.9974883055173992]
      dt: d
      rows: 3
    t: !!opencv-matrix
      cols: 1
      data: [-0.9999999985094356, -0.2, -0.02880341921954238]
      dt: d
      rows: 3
  - K1: !!opencv-matrix
      cols: 3
      data: [640.0000011487338, 0.0, 640.0, 0.0, 640.0000011487338, 360.0, 0.0, 0.0,
        1.0]
      dt: d
      rows: 3
    K2: !!opencv-matrix
      cols: 3
      data: [640.0000011487338, 0.0, 640.0, 0.0, 640.0000011487338, 360.0, 0.0, 0.0,
        1.0]
      dt: d
      rows: 3
    R: !!opencv-matrix
      cols: 3
      data: [0.9999861631526762, -0.0051864411540753315, -0.0008799609903655111, 0.005235963825436674,
        0.9974439508137735, 0.07126113714942729, 0.0005081200723941801, -0.07126475856386577,
        0.9974573053523774]
      dt: d
      rows: 3
    t: !!opencv-matrix
      cols: 1
      data: [-0.9999999985094356, -0.2, -0.02880341921954238]
      dt: d
      rows: 3
  - K1: !!opencv-matrix
      cols: 3
      data: [640.0000011487338, 0.0, 640.0, 0.0, 640.0000011487338, 360.0, 0.0, 0.0,
        1.0]
      dt: d
      rows: 3
    K2: !!opencv-matrix
      cols: 3
      data: [640.0000011487338, 0.0, 640.0, 0.0, 640.0000011487338, 360.0, 0.0, 0.0,
        1.0]
      dt: d
      rows: 3
    R: !!opencv-matrix
      cols: 3
      data: [0.9999861631526762, -0.005186056704961087, -0.0008822239183900308, 0.005235963825436674,
        0.9974127623283722, 0.07169634737770784, 0.0005081200723941801, -0.07169997461881814,
        0.9974261152855647]
      dt: d
      rows: 3
    t: !!opencv-matrix
      cols: 1
      data: [-0.9999999985094356, -0.2, -0.02880341921954238]
      dt: d
      rows: 3
  - K1: !!opencv-matrix
      cols: 3
      data: [640.0000011487338, 0.0, 640.0, 0.0, 640.0000011487338, 360.0, 0.0, 0.0,
        1.0]
      dt: d
      rows: 3
    K2: !!opencv-matrix
      cols: 3
      data: [640.0000011487338, 0.0, 640.0, 0.0, 640.0000011487338, 360.0, 0.0, 0.0,
        1.0]
      dt: d
      rows: 3
    R: !!opencv-matrix
      cols: 3
      data: [0.9999861631526762, -0.005185671268494853, -0.0008844866784515703, 0.005235963825436674,
        0.9973813839496606, 0.07213154395601594, 0.0005081200723941801, -0.07213517702310744,
        0.9973947353228997]
      dt: d
      rows: 3
    t: !!opencv-matrix
      cols: 1
      data: [-0.9999999985094356, -0.2, -0.02880341921954238]
      dt: d
      rows: 3
  - K1: !!opencv-matrix
      cols: 3
      data: [640.0000011487338, 0.0, 640.0, 0.0, 640.0000011487338, 360.0, 0.0, 0.0,
        1.0]
      dt: d
      rows: 3
    K2: !!opencv-matrix
      cols: 3
      data: [640.0000011487338, 0.0, 640.0, 0.0, 640.0000011487338, 360.0, 0.0, 0.0,
        1.0]
      dt: d
      rows: 3
    R: !!opencv-matrix
      cols: 3
      data: [0.9999861631526762, -0.0051852848447500105, -0.0008867492701193315, 0.005235963825436674,
        0.9973498156836125, 0.07256672680149627, 0.0005081200723941801, -0.0725703656938773,
        0.9973631654703562]
      dt: d
      rows: 3
    t: !!opencv-matrix
      cols: 1
      data: [-0.9999999985094356, -0.2, -0.02880341921954238]
      dt: d
      rows: 3
  - K1: !!opencv-matrix
      cols: 3
      data: [640.0000011487338, 0.0, 640.0, 0.0, 640.0000011487338, 360.0, 0.0, 0.0,
        1.0]
      dt: d
      rows: 3
    K2: !!opencv-matrix
      cols: 3
      data: [640.0000011487338, 0.0, 640.0, 0.0, 640.0000011487338, 360.0, 0.0, 0.0,
        1.0]
      dt: d
      rows: 3
    R: !!opencv-matrix
      cols: 3
      data: [0.9999861631526762, -0.00518489743380013, -0.000889011692962549, 0.005235963825436674,
        0.9973180575362383, 0.0730018958312962, 0.0005081200723941801, -0.07300554054827396,
        0.9973314057339446]
      dt: d
      rows: 3
    t: !!opencv-matrix
      cols: 1
      data: [-0.9999999985094356, -0.2, -0.02880341921954238]
      dt: d
      rows: 3
  - K1: !!opencv-matrix
      cols: 3
      data: [640.0000011487338, 0.0, 640.0, 0.0, 640.0000011487338, 360.0, 0.0, 0.0,
        1.0]
      dt: d
      rows: 3
    K2: !!opencv-matrix
      cols: 3
      data: [640.0000011487338, 0.0, 640.0, 0.0, 640.0000011487338, 360.0, 0.0, 0.0,
        1.0]
      dt: d
      rows: 3
    R: !!opencv-matrix
      cols: 3
      data: [0.9999861631526762, -0.005184509035718969, -0.0008912739465504897, 0.005235963825436674,
        0.9972861095135841, 0.07343705096256564, 0.0005081200723941801, -0.07344070150344624,
        0.9972994561197122]
      dt: d
      rows: 3
    t: !!opencv-matrix
      cols: 1
      data: [-0.9999999985094356, -0.2, -0.02880341921954238]
      dt: d
      rows: 3
  - K1: !!opencv-matrix
      cols: 3
      data: [640.0000011487338, 0.0, 640.0, 0.0, 640.0000011487338, 360.0, 0.0, 0.0,
        1.0]
      dt: d
      rows: 3
    K2: !!opencv-matrix
      cols: 3
      data: [640.0000011487338, 0.0, 640.0, 0.0, 640.0000011487338, 360.0, 0.0, 0.0,
        1.0]
      dt: d
      rows: 3
    R: !!opencv-matrix
      cols: 3
      data: [0.9999861631526762, -0.005184119650580471, -0.0008935360304524523, 0.005235963825436674,
        0.9972539716217323, 0.07387219211245723, 0.0005081200723941801, -0.07387584847654566,
        0.9972673166337411]
      dt: d
      rows: 3
    t: !!opencv-matrix
      cols: 1
      data: [-0.9999999985094356, -0.2, -0.02880341921954238]
      dt: d
      rows: 3
  - K1: !!opencv-matrix
      cols: 3
      data: [640.0000011487338, 0.0, 640.0, 0.0, 640.0000011487338, 360.0, 0.0, 0.0,
        1.0]
      dt: d
      rows: 3
    K2: !!opencv-matrix
      cols: 3
      data: [640.0000011487338, 0.0, 640.0, 0.0, 640.0000011487338, 360.0, 0.0, 0.0,
        1.0]
      dt: d
      rows: 3
    R: !!opencv-matrix
      cols: 3
      data: [0.9999861631526762, -0.005183729278458772, -0.0008957979442377679, 0.005235963825436674,
        0.9972216438668019, 0.07430731919812623, 0.0005081200723941801, -0.07431098138472639,
        0.9972349872821505]
      dt: d
      rows: 3
    t: !!opencv-matrix
      cols: 1
      data: [-0.9999999985094356, -0.2, -0.02880341921954238]
      dt: d
      rows: 3
  - K1: !!opencv-matrix
      cols: 3
      data: [640.0000011487338, 0.0, 640.0, 0.0, 640.0000011487338, 360.0, 0.0, 0.0,
        1.0]
      dt: d
      rows: 3
    K2: !!opencv-matrix
      cols: 3
      data: [640.0000011487338, 0.0, 640.0, 0.0, 640.0000011487338, 360.0, 0.0, 0.0,
        1.0]
      dt: d
      rows: 3
    R: !!opencv-matrix
      cols: 3
      data: [0.9999861631526762, -0.005183337919428192, -0.0008980596874757999, 0.005235963825436674,
        0.9971891262549472, 0.07474243213673057, 0.0005081200723941801, -0.07474610014514518,
        0.9972024680710954]
      dt: d
      rows: 3
    t: !!opencv-matrix
      cols: 1
      data: [-0.9999999985094356, -0.2, -0.02880341921954238]
      dt: d
      rows: 3
  - K1: !!opencv-matrix
      cols: 3
      data: [640.0000011487338, 0.0, 640.0, 0.0, 640.0000011487338, 360.0, 0.0, 0.0,
        1.0]
      dt: d
      rows: 3
    K2: !!opencv-matrix
      cols: 3
      data: [640.0000011487338, 0.0, 640.0, 0.0, 640.0000011487338, 360.0, 0.0, 0.0,
        1.0]
      dt: d
      rows: 3
    R: !!opencv-matrix
      cols: 3
      data: [0.9999861631526762, -0.005182945573563242, -0.0009003212597359447, 0.005235963825436674,
        0.9971564187923594, 0.07517753084543091, 0.0005081200723941801, -0.07518120467496167,
        0.9971697590067669]
      dt: d
      rows: 3
    t: !!opencv-matrix
      cols: 1
      data: [-0.9999999985094356, -0.2, -0.02880341921954238]
      dt: d
      rows: 3
  - K1: !!opencv-matrix
      cols: 3
      data: [640.0000011487338, 0.0, 640.0, 0.0, 640.0000011487338, 360.0, 0.0, 0.0,
        1.0]
      dt: d
      rows: 3
    K2: !!opencv-matrix
      cols: 3
      data: [640.0000011487338, 0.0, 640.0, 0.0, 640.0000011487338, 360.0, 0.0, 0.0,
        1.0]
      dt: d
      rows: 3
    R: !!opencv-matrix
      cols: 3
      data: [0.9999861631526762, -0.0051825522409386145, -0.0009025826605876307, 0.005235963825436674,
        0.9971235214852652, 0.07561261524139061, 0.0005081200723941801, -0.07561629489133806,
        0.9971368600953924]
      dt: d
      rows: 3
    t: !!opencv-matrix
      cols: 1
      data: [-0.9999999985094356, -0.2, -0.02880341921954238]
      dt: d
      rows: 3
  - K1: !!opencv-matrix
      cols: 3
      data: [640.0000011487338, 0.0, 640.0, 0.0, 640.0000011487338, 360.0, 0.0, 0.0,
        1.0]
      dt: d
      rows: 3
    K2: !!opencv-matrix
      cols: 3
      data: [640.0000011487338, 0.0, 640.0, 0.0, 640.0000011487338, 360.0, 0.0, 0.0,
        1.0]
      dt: d
      rows: 3
    R: !!opencv-matrix
      cols: 3
      data: [0.9999861631526762, -0.005182157921629201, -0.000904843889600319, 0.005235963825436674,
        0.9970904343399282, 0.0760476852417757, 0.0005081200723941801, -0.07605137071143929,
        0.9971037713432355]
      dt: d
      rows: 3
    t: !!opencv-matrix
      cols: 1
      data: [-0.9999999985094356, -0.2, -0.02880341921954238]
      dt: d
      rows: 3
  - K1: !!opencv-matrix
      cols: 3
      data: [640.0000011487338, 0.0, 640.0, 0.0, 640.0000011487338, 360.0, 0.0, 0.0,
        1.0]
      dt: d
      rows: 3
    K2: !!opencv-matrix
      cols: 3
      data: [640.0000011487338, 0.0, 640.0, 0.0, 640.0000011487338, 360.0, 0.0, 0.0,
        1.0]
      dt: d
      rows: 3
    R: !!opencv-matrix
      cols: 3
      data: [0.9999861631526762, -0.005181762615710069, -0.0009071049463435035, 0.005235963825436674,
        0.9970571573626473, 0.07648274076375501, 0.0005081200723941801, -0.07648643205243308,
        0.9970704927565956]
      dt: d
      rows: 3
    t: !!opencv-matrix
      cols: 1
      data: [-0.9999999985094356, -0.2, -0.02880341921954238]
      dt: d
      rows: 3
  - K1: !!opencv-matrix
      cols: 3
      data: [640.0000011487338, 0.0, 640.0, 0.0, 640.0000011487338, 360.0, 0.0, 0.0,
        1.0]
      dt: d
      rows: 3
    K2: !!opencv-matrix
      cols: 3
      data: [640.0000011487338, 0.0, 640.0, 0.0, 640.0000011487338, 360.0, 0.0, 0.0,
        1.0]
      dt: d
      rows: 3
    R: !!opencv-matrix
      cols: 3
      data: [0.9999861631526762, -0.005181366323256482, -0.000909365830386711, 0.005235963825436674,
        0.9970236905597585, 0.07691778172450013, 0.0005081200723941801, -0.0769214788314899,
        0.9970370243418089]
      dt: d
      rows: 3
    t: !!opencv-matrix
      cols: 1
      data: [-0.9999999985094356, -0.2, -0.02880341921954238]
      dt: d
      rows: 3
  - K1: !!opencv-matrix
      cols: 3
      data: [640.0000011487338, 0.0, 640.0, 0.0, 640.0000011487338, 360.0, 0.0, 0.0,
        1.0]
      dt: d
      rows: 3
    K2: !!opencv-matrix
      cols: 3
      data: [640.0000011487338, 0.0, 640.0, 0.0, 640.0000011487338, 360.0, 0.0, 0.0,
        1.0]
      dt: d
      rows: 3
    R: !!opencv-matrix
      cols: 3
      data: [0.9999861631526762, -0.005180969044343888, -0.0009116265412995011, 0.005235963825436674,
        0.9969900339376329, 0.07735280804118538, 0.0005081200723941801, -0.077356510965783,
        0.9970033661052468]
      dt: d
      rows: 3
    t: !!opencv-matrix
      cols: 1
      data: [-0.9999999985094356, -0.2, -0.02880341921954238]
      dt: d
      rows: 3
  - K1: !!opencv-matrix
      cols: 3
      data: [640.0000011487338, 0.0, 640.0, 0.0, 640.0000011487338, 360.0, 0.0, 0.0,
        1.0]
      dt: d
      rows: 3
    K2: !!opencv-matrix
      cols: 3
      data: [640.0000011487338, 0.0, 640.0, 0.0, 640.0000011487338, 360.0, 0.0, 0.0,
        1.0]
      dt: d
      rows: 3
    R: !!opencv-matrix
      cols: 3
      data: [0.9999861631526762, -0.005180570779047922, -0.0009138870786514665, 0.005235963825436674,
        0.9969561875026783, 0.07778781963098792, 0.0005081200723941801, -0.07779152837248839,
        0.9969695180533175]
      dt: d
      rows: 3
    t: !!opencv-matrix
      cols: 1
      data: [-0.9999999985094356, -0.2, -0.02880341921954238]
      dt: d
      rows: 3
  - K1: !!opencv-matrix
      cols: 3
      data: [640.0000011487338, 0.0, 640.0, 0.0, 640.0000011487338, 360.0, 0.0, 0.0,
        1.0]
      dt: d
      rows: 3
    K2: !!opencv-matrix
      cols: 3
      data: [640.0000011487338, 0.0, 640.0, 0.0, 640.0000011487338, 360.0, 0.0, 0.0,
        1.0]
      dt: d
      rows: 3
    R: !!opencv-matrix
      cols: 3
      data: [0.9999861631526762, -0.00518017152744441, -0.0009161474420122323, 0.005235963825436674,
        0.996922151261339, 0.07822281641108764, 0.0005081200723941801, -0.07822653096878485,
        0.9969354801924655]
      dt: d
      rows: 3
    t: !!opencv-matrix
      cols: 1
      data: [-0.9999999985094356, -0.2, -0.02880341921954238]
      dt: d
      rows: 3
  - K1: !!opencv-matrix
      cols: 3
      data: [640.0000011487338, 0.0, 640.0, 0.0, 640.0000011487338, 360.0, 0.0, 0.0,
        1.0]
      dt: d
      rows: 3
    K2: !!opencv-matrix
      cols: 3
      data: [640.0000011487338, 0.0, 640.0, 0.0, 640.0000011487338, 360.0, 0.0, 0.0,
        1.0]
      dt: d
      rows: 3
    R: !!opencv-matrix
      cols: 3
      data: [0.9999861631526762, -0.005179771289609362, -0.0009184076309514578, 0.005235963825436674,
        0.9968879252200946, 0.07865779829866731, 0.0005081200723941801, -0.0786615186718541,
        0.9969012525291707]
      dt: d
      rows: 3
    t: !!opencv-matrix
      cols: 1
      data: [-0.9999999985094356, -0.2, -0.02880341921954238]
      dt: d
      rows: 3
  - K1: !!opencv-matrix
      cols: 3
      data: [640.0000011487338, 0.0, 640.0, 0.0, 640.0000011487338, 360.0, 0.0, 0.0,
        1.0]
      dt: d
      rows: 3
    K2: !!opencv-matrix
      cols: 3
      data: [640.0000011487338, 0.0, 640.0, 0.0, 640.0000011487338, 360.0, 0.0, 0.0,
        1.0]
      dt: d
      rows: 3
    R: !!opencv-matrix
      cols: 3
      data: [0.9999861631526762, -0.00517937006561898, -0.0009206676450388346, 0.005235963825436674,
        0.9968535093854615, 0.07909276521091253, 0.0005081200723941801, -0.07909649139888056,
        0.99686683506995]
      dt: d
      rows: 3
    t: !!opencv-matrix
      cols: 1
      data: [-0.9999999985094356, -0.2, -0.02880341921954238]
      dt: d
      rows: 3
  - K1: !!opencv-matrix
      cols: 3
      data: [640.0000011487338, 0.0, 640.0, 0.0, 640.0000011487338, 360.0, 0.0, 0.0,
        1.0]
      dt: d
      rows: 3
    K2: !!opencv-matrix
      cols: 3
      data: [640.0000011487338, 0.0, 640.0, 0.0, 640.0000011487338, 360.0, 0.0, 0.0,
        1.0]
      dt: d
      rows: 3
    R: !!opencv-matrix
      cols: 3
      data: [0.9999861631526762, -0.00517896785554965, -0.0009229274838440883, 0.005235963825436674,
        0.9968189037639917, 0.07952771706501176, 0.0005081200723941801, -0.07953144906705162,
        0.9968322278213556]
      dt: d
      rows: 3
    t: !!opencv-matrix
      cols: 1
      data: [-0.9999999985094356, -0.2, -0.02880341921954238]
      dt: d
      rows: 3
  - K1: !!opencv-matrix
      cols: 3
      data: [640.0000011487338, 0.0, 640.0, 0.0, 640.0000011487338, 360.0, 0.0, 0.0,
        1.0]
      dt: d
      rows: 3
    K2: !!opencv-matrix
      cols: 3
      data: [640.0000011487338, 0.0, 640.0, 0.0, 640.0000011487338, 360.0, 0.0, 0.0,
        1.0]
      dt: d
      rows: 3
    R: !!opencv-matrix
      cols: 3
      data: [0.9999861631526762, -0.005178564659477945, -0.0009251871469369767, 0.005235963825436674,
        0.9967841083622739, 0.07996265377815624, 0.0005081200723941801, -0.07996639159355742,
        0.9967974307899763]
      dt: d
      rows: 3
    t: !!opencv-matrix
      cols: 1
      data: [-0.9999999985094356, -0.2, -0.02880341921954238]
      dt: d
      rows: 3
  - K1: !!opencv-matrix
      cols: 3
      data: [640.0000011487338, 0.0, 640.0, 0.0, 640.0000011487338, 360.0, 0.0, 0.0,
        1.0]
      dt: d
      rows: 3
    K2: !!opencv-matrix
      cols: 3
      data: [640.0000011487338, 0.0, 640.0, 0.0, 640.0000011487338, 360.0, 0.0, 0.0,
        1.0]
      dt: d
      rows: 3
    R: !!opencv-matrix
      cols: 3
      data: [0.9999861631526762, -0.005178160477480631, -0.0009274466338872928, 0.005235963825436674,
        0.9967491231869327, 0.08039757526754022, 0.0005081200723941801, -0.0804013188955911,
        0.9967624439824372]
      dt: d
      rows: 3
    t: !!opencv-matrix
      cols: 1
      data: [-0.9999999985094356, -0.2, -0.02880341921954238]
      dt: d
      rows: 3
  - K1: !!opencv-matrix
      cols: 3
      data: [640.0000011487338, 0.0, 640.0, 0.0, 640.0000011487338, 360.0, 0.0, 0.0,
        1.0]
      dt: d
      rows: 3
    K2: !!opencv-matrix
      cols: 3
      data: [640.0000011487338, 0.0, 640.0, 0.0, 640.0000011487338, 360.0, 0.0, 0.0,
        1.0]
      dt: d
      rows: 3
    R: !!opencv-matrix
      cols: 3
      data: [0.9999861631526762, -0.005177755309634657, -0.0009297059442648615, 0.005235963825436674,
        0.9967139482446284, 0.08083248145036079, 0.0005081200723941801, -0.08083623089034861,
        0.9967272674053992]
      dt: d
      rows: 3
    t: !!opencv-matrix
      cols: 1
      data: [-0.9999999985094356, -0.2, -0.02880341921954238]
      dt: d
      rows: 3
  - K1: !!opencv-matrix
      cols: 3
      data: [640.0000011487338, 0.0, 640.0, 0.0, 640.0000011487338, 360.0, 0.0, 0.0,
        1.0]
      dt: d
      rows: 3
    K2: !!opencv-matrix
      cols: 3
      data: [640.0000011487338, 0.0, 640.0, 0.0, 640.0000011487338, 360.0, 0.0, 0.0,
        1.0]
      dt: d
      rows: 3
    R: !!opencv-matrix
      cols: 3
      data: [0.9999861631526762, -0.005177349156017163, -0.0009319650776395422, 0.005235963825436674,
        0.9966785835420582, 0.08126737224381789, 0.0005081200723941801, -0.08127112749502884,
        0.9966919010655594]
      dt: d
      rows: 3
    t: !!opencv-matrix
      cols: 1
      data: [-0.9999999985094356, -0.2, -0.02880341921954238]
      dt: d
      rows: 3
  - K1: !!opencv-matrix
      cols: 3
      data: [640.0000011487338, 0.0, 640.0, 0.0, 640.0000011487338, 360.0, 0.0, 0.0,
        1.0]
      dt: d
      rows: 3
    K2: !!opencv-matrix
      cols: 3
      data: [640.0000011487338, 0.0, 640.0, 0.0, 640.0000011487338, 360.0, 0.0, 0.0,
        1.0]
      dt: d
      rows: 3
    R: !!opencv-matrix
      cols: 3
      data: [0.9999861631526762, -0.005176942016705473, -0.000934224033581228, 0.005235963825436674,
        0.9966430290859548, 0.08170224756511453, 0.0005081200723941801, -0.08170600862683364,
        0.9966563449696508]
      dt: d
      rows: 3
    t: !!opencv-matrix
      cols: 1
      data: [-0.9999999985094356, -0.2, -0.02880341921954238]
      dt: d
      rows: 3
  - K1: !!opencv-matrix
      cols: 3
      data: [640.0000011487338, 0.0, 640.0, 0.0, 640.0000011487338, 360.0, 0.0, 0.0,
        1.0]
      dt: d
      rows: 3
    K2: !!opencv-matrix
      cols: 3
      data: [640.0000011487338, 0.0, 640.0, 0.0, 640.0000011487338, 360.0, 0.0, 0.0,
        1.0]
      dt: d
      rows: 3
    R: !!opencv-matrix
      cols: 3
      data: [0.9999861631526762, -0.0051765338917771015, -0.0009364828116598452, 0.005235963825436674,
        0.9966072848830875, 0.08213710733145653, 0.0005081200723941801, -0.08214087420296776,
        0.9966205991244432]
      dt: d
      rows: 3
    t: !!opencv-matrix
      cols: 1
      data: [-0.9999999985094356, -0.2, -0.02880341921954238]
      dt: d
      rows: 3
  - K1: !!opencv-matrix
      cols: 3
      data: [640.0000011487338, 0.0, 640.0, 0.0, 640.0000011487338, 360.0, 0.0, 0.0,
        1.0]
      dt: d
      rows: 3
    K2: !!opencv-matrix
      cols: 3
      data: [640.0000011487338, 0.0, 640.0, 0.0, 640.0000011487338, 360.0, 0.0, 0.0,
        1.0]
      dt: d
      rows: 3
    R: !!opencv-matrix
      cols: 3
      data: [0.9999861631526762, -0.005176124781309749, -0.0009387414114453547, 0.005235963825436674,
        0.9965713509402614, 0.08257195146005275, 0.0005081200723941801, -0.08257572414063893,
        0.996584663536742]
      dt: d
      rows: 3
    t: !!opencv-matrix
      cols: 1
      data: [-0.9999999985094356, -0.2, -0.02880341921954238]
      dt: d
      rows: 3
  - K1: !!opencv-matrix
      cols: 3
      data: [640.0000011487338, 0.0, 640.0, 0.0, 640.0000011487338, 360.0, 0.0, 0.0,
        1.0]
      dt: d
      rows: 3
    K2: !!opencv-matrix
      cols: 3
