%YAML:1.0
---
# This file contains user specific parameters used to generate multiple consecutive stereo frames with correspondences.
#
#
# Number of total frames. Max. 10000
nrTotalFrames: 200
# ---- Options for stereo extrinsics ----
#
#
# Number of different stereo configurations (max. 1000).
# The number of frames per camera configuration is controlled by the smallest number of the change rates (e.g. txChangeFRate) for tx, ty, tz, roll, pitch, and yaw.
nrStereoConfigs: 200
# Specifies after how many frames the x-component for the translation vector between the stereo cameras shall be changed linearly by a given value.
# Set this value to 0, if you do not want to change the x-component linearly.
txChangeFRate: 0
# Specifies after how many frames the y-component for the translation vector between the stereo cameras shall be changed linearly by a given value.
# Set this value to 0, if you do not want to change the y-component linearly.
tyChangeFRate: 1
# Specifies after how many frames the z-component for the translation vector between the stereo cameras shall be changed linearly by a given value.
# Set this value to 0, if you do not want to change the z-component linearly.
tzChangeFRate: 0
# Specifies after how many frames the roll angle (angle about x-axis) between the stereo cameras shall be changed linearly by a given value.
# Set this value to 0, if you do not want to change the roll linearly.
rollChangeFRate: 0
# Specifies after how many frames the pitch angle (angle about y-axis) between the stereo cameras shall be changed linearly by a given value.
# Set this value to 0, if you do not want to change the pitch linearly.
pitchChangeFRate: 0
# Specifies after how many frames the yaw angle (angle about z-axis) between the stereo cameras shall be changed linearly by a given value.
# Set this value to 0, if you do not want to change the yaw linearly.
yawChangeFRate: 0
# Linear change rate for tx (x-component of the translation vector between the stereo cameras).
txLinChangeVal: -1.0000000000000000e-02
# Linear change rate for ty (y-component of the translation vector between the stereo cameras).
tyLinChangeVal: 5.0000000000000000e-04
# Linear change rate for tz (z-component of the translation vector between the stereo cameras).
tzLinChangeVal: 5.0000000000000001e-04
# Linear change rate for the roll angle (angle in degrees about x-axis) between the stereo cameras.
rollLinChangeVal: 5.0000000000000000e-01
# Linear change rate for the pitch angle (angle in degrees about y-axis) between the stereo cameras.
pitchLinChangeVal: 1.0000000000000001e-01
# Linear change rate for the yaw angle (angle in degrees about z-axis) between the stereo cameras.
yawLinChangeVal: 0
# Start value for tx (x-component (right) of the translation vector between the stereo cameras).
# Only used if the specified range is 0.
txStartVal: -1.
# Start value for ty (y-component (down) of the translation vector between the stereo cameras).
# Only used if the specified range is 0.
tyStartVal: 1.0000000000000001e-01
# Start value for tz (z-component (forward) of the translation vector between the stereo cameras).
# Only used if the specified range is 0.
tzStartVal: 1.0000000000000000e-02
# Start value for the roll angle (angle in degrees about x-axis, right handed coordinate system, R = R_y * R_z * R_x) between the stereo cameras.
# Only used if the specified range is 0.
rollStartVal: 2.
# Start value for the pitch angle (angle in degrees about y-axis, right handed coordinate system, R = R_y * R_z * R_x) between the stereo cameras.
# Only used if the specified range is 0.
pitchStartVal: -8.1999999999999993e+00
# Start value for the yaw angle (angle in degrees about z-axis, right handed coordinate system, R = R_y * R_z * R_x) between the stereo cameras.
# Only used if the specified range is 0.
yawStartVal: 2.9999999999999999e-01
# Possible range of the initial tx (x-component (right) of the translation vector between the stereo cameras) to be able to meet a user specific image overlap.
# The optimal tx starting-value is by default only estimated for the first stereo configuration. If specified by txVariable, the range is used for every new configuration.
# If the range (difference between both values) is 0, tx will be kept fixed at the given start value for tx.
txRange:
   first: 0
   second: 0
# Possible range of the initial ty (y-component (down) of the translation vector between the stereo cameras) to be able to meet a user specific image overlap.
# The optimal ty starting-value is by default only estimated for the first stereo configuration. If specified by tyVariable, the range is used for every new configuration.
# If the range (difference between both values) is 0, ty will be kept fixed at the given start value for ty.
tyRange:
   first: -2.0000000000000001e-01
   second: 2.0000000000000001e-01
# Possible range of the initial tz (z-component (forward) of the translation vector between the stereo cameras) to be able to meet a user specific image overlap.
# The optimal tz starting-value is by default only estimated for the first stereo configuration. If specified by tzVariable, the range is used for every new configuration.
# If the range (difference between both values) is 0, tz will be kept fixed at the given start value for tz.
tzRange:
   first: -1.0000000000000001e-01
   second: 1.0000000000000001e-01
# Possible range for the initial roll angle (angle in degrees about x-axis between the stereo cameras, right handed coordinate system, R = R_y * R_z * R_x)
# to be able to meet a user specific image overlap. The optimal roll starting-value is by default only estimated for the
# first stereo configuration. If specified by rollVariable, the range is used for every new configuration.
# If the range (difference between both values) is 0, the roll angle will be kept fixed at the given start value for roll.
rollRange:
   first: -8.
   second: 8.
# Possible range for the initial pitch angle (angle in degrees about y-axis between the stereo cameras, right handed coordinate system, R = R_y * R_z * R_x)
# to be able to meet a user specific image overlap. The optimal pitch starting-value is by default only estimated for the
# first stereo configuration. If specified by pitchVariable, the range is used for every new configuration.
# If the range (difference between both values) is 0, the pitch angle will be kept fixed at the given start value for pitch.
pitchRange:
   first: -15.
   second: 20.
# Possible range for the initial yaw angle (angle in degrees about z-axis between the stereo cameras, right handed coordinate system, R = R_y * R_z * R_x)
# to be able to meet a user specific image overlap. The optimal yaw starting-value is by default only estimated for the
# first stereo configuration. If specified by yawVariable, the range is used for every new configuration.
# If the range (difference between both values) is 0, the yaw angle will be kept fixed at the given start value for yaw.
yawRange:
   first: 0
   second: 0
# Use the specified tx-range for every new stereo configuration (not only for the first) where tx should change (depends on txChangeFRate).
# If this value is 1, an optimal value is selected within the given range for every new changed stereo configuration to meet a
# specific image overlap between the 2 stereo cameras. Otherwise set the value to 0.
txVariable: 0
# Use the specified ty-range for every new stereo configuration (not only for the first) where ty should change (depends on tyChangeFRate).
# If this value is 1, an optimal value is selected within the given range for every new changed stereo configuration to meet a
# specific image overlap between the 2 stereo cameras. Otherwise set the value to 0.
tyVariable: 0
# Use the specified tz-range for every new stereo configuration (not only for the first) where tz should change (depends on tzChangeFRate).
# If this value is 1, an optimal value is selected within the given range for every new changed stereo configuration to meet a
# specific image overlap between the 2 stereo cameras. Otherwise set the value to 0.
tzVariable: 0
# Use the specified roll-range for every new stereo configuration (not only for the first) where the roll angle should change (depends on rollChangeFRate).
# If this value is 1, an optimal value is selected within the given range for every new changed stereo configuration to meet a
# specific image overlap between the 2 stereo cameras. Otherwise set the value to 0.
rollVariable: 0
# Use the specified pitch-range for every new stereo configuration (not only for the first) where the pitch angle should change (depends on pitchChangeFRate).
# If this value is 1, an optimal value is selected within the given range for every new changed stereo configuration to meet a
# specific image overlap between the 2 stereo cameras. Otherwise set the value to 0.
pitchVariable: 0
# Use the specified yaw-range for every new stereo configuration (not only for the first) where the yaw angle should change (depends on yawChangeFRate).
# If this value is 1, an optimal value is selected within the given range for every new changed stereo configuration to meet a
# specific image overlap between the 2 stereo cameras. Otherwise set the value to 0.
yawVariable: 0
# Set this variable to 1 if you want to use your own extrinsic and intrinsic camera parameters (set them in specificCamPars).
# Otherwise, set this value to 0.
useSpecificCamPars: 1
# Input for specific extrinsic and intrinsic stereo camera parameters. The translation vectors must include the scale factor.
# Rotation matrices must be generated by R = R_y * R_z * R_x (right handed coordinate system, x-axis: right, y-axis: down, z-axis: forward); x2 = R * x1 + t.
# Every list element specifies a new stereo pair. To use these parameters,useSpecificCamPars must be set to 1.
# Currently there is only support for different extrinsics. The camera matrices stay the same as for the first stereo configuration
# regardless of what is entered for the camera matrices in the subsequent configurations.
# The update frequence (in frames) is calculated by nrTotalFrames devided by the number of entered stereo configurations (here) or nrStereoConfigs (whatever value is smaller; nrStereoConfigs is not allowed to be larger than the number of entries entered here).
specificCamPars:
  - K1: !!opencv-matrix
      cols: 3
      data: [609.38238837889, 0.0, 640.0, 0.0, 609.38238837889, 360.0, 0.0, 0.0, 1.0]
      dt: d
      rows: 3
    K2: !!opencv-matrix
      cols: 3
      data: [609.38238837889, 0.0, 640.0, 0.0, 609.38238837889, 360.0, 0.0, 0.0, 1.0]
      dt: d
      rows: 3
    R: !!opencv-matrix
      cols: 3
      data: [0.9992297265764682, -0.0016297648257464097, 0.03920838421217273, 0.005235963825436674,
        0.9957406769801267, -0.09204938288754436, -0.03889136419226401, 0.09218377337564233,
        0.9949822177895908]
      dt: d
      rows: 3
    t: !!opencv-matrix
      cols: 1
      data: [-1.0, 0.14048936168254153, 0.03747264663660141]
      dt: d
      rows: 3
  - K1: !!opencv-matrix
      cols: 3
      data: [609.38238837889, 0.0, 640.0, 0.0, 609.38238837889, 360.0, 0.0, 0.0, 1.0]
      dt: d
      rows: 3
    K2: !!opencv-matrix
      cols: 3
      data: [609.38238837889, 0.0, 640.0, 0.0, 609.38238837889, 360.0, 0.0, 0.0, 1.0]
      dt: d
      rows: 3
    R: !!opencv-matrix
      cols: 3
      data: [0.9992297265764682, -0.0016297648257464097, 0.03920838421217273, 0.005235963825436674,
        0.9957406769801267, -0.09204938288754436, -0.03889136419226401, 0.09218377337564233,
        0.9949822177895908]
      dt: d
      rows: 3
    t: !!opencv-matrix
      cols: 1
      data: [-1.0, 0.14098936168254153, 0.03747264663660141]
      dt: d
      rows: 3
  - K1: !!opencv-matrix
      cols: 3
      data: [609.38238837889, 0.0, 640.0, 0.0, 609.38238837889, 360.0, 0.0, 0.0, 1.0]
      dt: d
      rows: 3
    K2: !!opencv-matrix
      cols: 3
      data: [609.38238837889, 0.0, 640.0, 0.0, 609.38238837889, 360.0, 0.0, 0.0, 1.0]
      dt: d
      rows: 3
    R: !!opencv-matrix
      cols: 3
      data: [0.9992297265764682, -0.0016297648257464097, 0.03920838421217273, 0.005235963825436674,
        0.9957406769801267, -0.09204938288754436, -0.03889136419226401, 0.09218377337564233,
        0.9949822177895908]
      dt: d
      rows: 3
    t: !!opencv-matrix
      cols: 1
      data: [-1.0, 0.14148936168254153, 0.03747264663660141]
      dt: d
      rows: 3
  - K1: !!opencv-matrix
      cols: 3
      data: [609.38238837889, 0.0, 640.0, 0.0, 609.38238837889, 360.0, 0.0, 0.0, 1.0]
      dt: d
      rows: 3
    K2: !!opencv-matrix
      cols: 3
      data: [609.38238837889, 0.0, 640.0, 0.0, 609.38238837889, 360.0, 0.0, 0.0, 1.0]
      dt: d
      rows: 3
    R: !!opencv-matrix
      cols: 3
      data: [0.9992297265764682, -0.0016297648257464097, 0.03920838421217273, 0.005235963825436674,
        0.9957406769801267, -0.09204938288754436, -0.03889136419226401, 0.09218377337564233,
        0.9949822177895908]
      dt: d
      rows: 3
    t: !!opencv-matrix
      cols: 1
      data: [-1.0, 0.14198936168254153, 0.03747264663660141]
      dt: d
      rows: 3
  - K1: !!opencv-matrix
      cols: 3
      data: [609.38238837889, 0.0, 640.0, 0.0, 609.38238837889, 360.0, 0.0, 0.0, 1.0]
      dt: d
      rows: 3
    K2: !!opencv-matrix
      cols: 3
      data: [609.38238837889, 0.0, 640.0, 0.0, 609.38238837889, 360.0, 0.0, 0.0, 1.0]
      dt: d
      rows: 3
    R: !!opencv-matrix
      cols: 3
      data: [0.9992297265764682, -0.0016297648257464097, 0.03920838421217273, 0.005235963825436674,
        0.9957406769801267, -0.09204938288754436, -0.03889136419226401, 0.09218377337564233,
        0.9949822177895908]
      dt: d
      rows: 3
    t: !!opencv-matrix
      cols: 1
      data: [-1.0, 0.14248936168254153, 0.03747264663660141]
      dt: d
      rows: 3
  - K1: !!opencv-matrix
      cols: 3
      data: [609.38238837889, 0.0, 640.0, 0.0, 609.38238837889, 360.0, 0.0, 0.0, 1.0]
      dt: d
      rows: 3
    K2: !!opencv-matrix
      cols: 3
      data: [609.38238837889, 0.0, 640.0, 0.0, 609.38238837889, 360.0, 0.0, 0.0, 1.0]
      dt: d
      rows: 3
    R: !!opencv-matrix
      cols: 3
      data: [0.9992297265764682, -0.0016297648257464097, 0.03920838421217273, 0.005235963825436674,
        0.9957406769801267, -0.09204938288754436, -0.03889136419226401, 0.09218377337564233,
        0.9949822177895908]
      dt: d
      rows: 3
    t: !!opencv-matrix
      cols: 1
      data: [-1.0, 0.14298936168254153, 0.03747264663660141]
      dt: d
      rows: 3
  - K1: !!opencv-matrix
      cols: 3
      data: [609.38238837889, 0.0, 640.0, 0.0, 609.38238837889, 360.0, 0.0, 0.0, 1.0]
      dt: d
      rows: 3
    K2: !!opencv-matrix
      cols: 3
      data: [609.38238837889, 0.0, 640.0, 0.0, 609.38238837889, 360.0, 0.0, 0.0, 1.0]
      dt: d
      rows: 3
    R: !!opencv-matrix
      cols: 3
      data: [0.9992297265764682, -0.0016297648257464097, 0.03920838421217273, 0.005235963825436674,
        0.9957406769801267, -0.09204938288754436, -0.03889136419226401, 0.09218377337564233,
        0.9949822177895908]
      dt: d
      rows: 3
    t: !!opencv-matrix
      cols: 1
      data: [-1.0, 0.14348936168254153, 0.03747264663660141]
      dt: d
      rows: 3
  - K1: !!opencv-matrix
      cols: 3
      data: [609.38238837889, 0.0, 640.0, 0.0, 609.38238837889, 360.0, 0.0, 0.0, 1.0]
      dt: d
      rows: 3
    K2: !!opencv-matrix
      cols: 3
      data: [609.38238837889, 0.0, 640.0, 0.0, 609.38238837889, 360.0, 0.0, 0.0, 1.0]
      dt: d
      rows: 3
    R: !!opencv-matrix
      cols: 3
      data: [0.9992297265764682, -0.0016297648257464097, 0.03920838421217273, 0.005235963825436674,
        0.9957406769801267, -0.09204938288754436, -0.03889136419226401, 0.09218377337564233,
        0.9949822177895908]
      dt: d
      rows: 3
    t: !!opencv-matrix
      cols: 1
      data: [-1.0, 0.14398936168254153, 0.03747264663660141]
      dt: d
      rows: 3
  - K1: !!opencv-matrix
      cols: 3
      data: [609.38238837889, 0.0, 640.0, 0.0, 609.38238837889, 360.0, 0.0, 0.0, 1.0]
      dt: d
      rows: 3
    K2: !!opencv-matrix
      cols: 3
      data: [609.38238837889, 0.0, 640.0, 0.0, 609.38238837889, 360.0, 0.0, 0.0, 1.0]
      dt: d
      rows: 3
    R: !!opencv-matrix
      cols: 3
      data: [0.9992297265764682, -0.0016297648257464097, 0.03920838421217273, 0.005235963825436674,
        0.9957406769801267, -0.09204938288754436, -0.03889136419226401, 0.09218377337564233,
        0.9949822177895908]
      dt: d
      rows: 3
    t: !!opencv-matrix
      cols: 1
      data: [-1.0, 0.14448936168254153, 0.03747264663660141]
      dt: d
      rows: 3
  - K1: !!opencv-matrix
      cols: 3
      data: [609.38238837889, 0.0, 640.0, 0.0, 609.38238837889, 360.0, 0.0, 0.0, 1.0]
      dt: d
      rows: 3
    K2: !!opencv-matrix
      cols: 3
      data: [609.38238837889, 0.0, 640.0, 0.0, 609.38238837889, 360.0, 0.0, 0.0, 1.0]
      dt: d
      rows: 3
    R: !!opencv-matrix
      cols: 3
      data: [0.9992297265764682, -0.0016297648257464097, 0.03920838421217273, 0.005235963825436674,
        0.9957406769801267, -0.09204938288754436, -0.03889136419226401, 0.09218377337564233,
        0.9949822177895908]
      dt: d
      rows: 3
    t: !!opencv-matrix
      cols: 1
      data: [-1.0, 0.14498936168254153, 0.03747264663660141]
      dt: d
      rows: 3
  - K1: !!opencv-matrix
      cols: 3
      data: [609.38238837889, 0.0, 640.0, 0.0, 609.38238837889, 360.0, 0.0, 0.0, 1.0]
      dt: d
      rows: 3
    K2: !!opencv-matrix
      cols: 3
      data: [609.38238837889, 0.0, 640.0, 0.0, 609.38238837889, 360.0, 0.0, 0.0, 1.0]
      dt: d
      rows: 3
    R: !!opencv-matrix
      cols: 3
      data: [0.9992297265764682, -0.0016297648257464097, 0.03920838421217273, 0.005235963825436674,
        0.9957406769801267, -0.09204938288754436, -0.03889136419226401, 0.09218377337564233,
        0.9949822177895908]
      dt: d
      rows: 3
    t: !!opencv-matrix
      cols: 1
      data: [-1.0, 0.14548936168254153, 0.03747264663660141]
      dt: d
      rows: 3
  - K1: !!opencv-matrix
      cols: 3
      data: [609.38238837889, 0.0, 640.0, 0.0, 609.38238837889, 360.0, 0.0, 0.0, 1.0]
      dt: d
      rows: 3
    K2: !!opencv-matrix
      cols: 3
      data: [609.38238837889, 0.0, 640.0, 0.0, 609.38238837889, 360.0, 0.0, 0.0, 1.0]
      dt: d
      rows: 3
    R: !!opencv-matrix
      cols: 3
      data: [0.9992297265764682, -0.0016297648257464097, 0.03920838421217273, 0.005235963825436674,
        0.9957406769801267, -0.09204938288754436, -0.03889136419226401, 0.09218377337564233,
        0.9949822177895908]
      dt: d
      rows: 3
    t: !!opencv-matrix
      cols: 1
      data: [-1.0, 0.14598936168254154, 0.03747264663660141]
      dt: d
      rows: 3
  - K1: !!opencv-matrix
      cols: 3
      data: [609.38238837889, 0.0, 640.0, 0.0, 609.38238837889, 360.0, 0.0, 0.0, 1.0]
      dt: d
      rows: 3
    K2: !!opencv-matrix
      cols: 3
      data: [609.38238837889, 0.0, 640.0, 0.0, 609.38238837889, 360.0, 0.0, 0.0, 1.0]
      dt: d
      rows: 3
    R: !!opencv-matrix
      cols: 3
      data: [0.9992297265764682, -0.0016297648257464097, 0.03920838421217273, 0.005235963825436674,
        0.9957406769801267, -0.09204938288754436, -0.03889136419226401, 0.09218377337564233,
        0.9949822177895908]
      dt: d
      rows: 3
    t: !!opencv-matrix
      cols: 1
      data: [-1.0, 0.14648936168254154, 0.03747264663660141]
      dt: d
      rows: 3
  - K1: !!opencv-matrix
      cols: 3
      data: [609.38238837889, 0.0, 640.0, 0.0, 609.38238837889, 360.0, 0.0, 0.0, 1.0]
      dt: d
      rows: 3
    K2: !!opencv-matrix
      cols: 3
      data: [609.38238837889, 0.0, 640.0, 0.0, 609.38238837889, 360.0, 0.0, 0.0, 1.0]
      dt: d
      rows: 3
    R: !!opencv-matrix
      cols: 3
      data: [0.9992297265764682, -0.0016297648257464097, 0.03920838421217273, 0.005235963825436674,
        0.9957406769801267, -0.09204938288754436, -0.03889136419226401, 0.09218377337564233,
        0.9949822177895908]
      dt: d
      rows: 3
    t: !!opencv-matrix
      cols: 1
      data: [-1.0, 0.14698936168254154, 0.03747264663660141]
      dt: d
      rows: 3
  - K1: !!opencv-matrix
      cols: 3
      data: [609.38238837889, 0.0, 640.0, 0.0, 609.38238837889, 360.0, 0.0, 0.0, 1.0]
      dt: d
      rows: 3
    K2: !!opencv-matrix
      cols: 3
      data: [609.38238837889, 0.0, 640.0, 0.0, 609.38238837889, 360.0, 0.0, 0.0, 1.0]
      dt: d
      rows: 3
    R: !!opencv-matrix
      cols: 3
      data: [0.9992297265764682, -0.0016297648257464097, 0.03920838421217273, 0.005235963825436674,
        0.9957406769801267, -0.09204938288754436, -0.03889136419226401, 0.09218377337564233,
        0.9949822177895908]
      dt: d
      rows: 3
    t: !!opencv-matrix
      cols: 1
      data: [-1.0, 0.14748936168254154, 0.03747264663660141]
      dt: d
      rows: 3
  - K1: !!opencv-matrix
      cols: 3
      data: [609.38238837889, 0.0, 640.0, 0.0, 609.38238837889, 360.0, 0.0, 0.0, 1.0]
      dt: d
      rows: 3
    K2: !!opencv-matrix
      cols: 3
      data: [609.38238837889, 0.0, 640.0, 0.0, 609.38238837889, 360.0, 0.0, 0.0, 1.0]
      dt: d
      rows: 3
    R: !!opencv-matrix
      cols: 3
      data: [0.9992297265764682, -0.0016297648257464097, 0.03920838421217273, 0.005235963825436674,
        0.9957406769801267, -0.09204938288754436, -0.03889136419226401, 0.09218377337564233,
        0.9949822177895908]
      dt: d
      rows: 3
    t: !!opencv-matrix
      cols: 1
      data: [-1.0, 0.14798936168254154, 0.03747264663660141]
      dt: d
      rows: 3
  - K1: !!opencv-matrix
      cols: 3
      data: [609.38238837889, 0.0, 640.0, 0.0, 609.38238837889, 360.0, 0.0, 0.0, 1.0]
      dt: d
      rows: 3
    K2: !!opencv-matrix
      cols: 3
      data: [609.38238837889, 0.0, 640.0, 0.0, 609.38238837889, 360.0, 0.0, 0.0, 1.0]
      dt: d
      rows: 3
    R: !!opencv-matrix
      cols: 3
      data: [0.9992297265764682, -0.0016297648257464097, 0.03920838421217273, 0.005235963825436674,
        0.9957406769801267, -0.09204938288754436, -0.03889136419226401, 0.09218377337564233,
        0.9949822177895908]
      dt: d
      rows: 3
    t: !!opencv-matrix
      cols: 1
      data: [-1.0, 0.14848936168254154, 0.03747264663660141]
      dt: d
      rows: 3
  - K1: !!opencv-matrix
      cols: 3
      data: [609.38238837889, 0.0, 640.0, 0.0, 609.38238837889, 360.0, 0.0, 0.0, 1.0]
      dt: d
      rows: 3
    K2: !!opencv-matrix
      cols: 3
      data: [609.38238837889, 0.0, 640.0, 0.0, 609.38238837889, 360.0, 0.0, 0.0, 1.0]
      dt: d
      rows: 3
    R: !!opencv-matrix
      cols: 3
      data: [0.9992297265764682, -0.0016297648257464097, 0.03920838421217273, 0.005235963825436674,
        0.9957406769801267, -0.09204938288754436, -0.03889136419226401, 0.09218377337564233,
        0.9949822177895908]
      dt: d
      rows: 3
    t: !!opencv-matrix
      cols: 1
      data: [-1.0, 0.14898936168254154, 0.03747264663660141]
      dt: d
      rows: 3
  - K1: !!opencv-matrix
      cols: 3
      data: [609.38238837889, 0.0, 640.0, 0.0, 609.38238837889, 360.0, 0.0, 0.0, 1.0]
      dt: d
      rows: 3
    K2: !!opencv-matrix
      cols: 3
      data: [609.38238837889, 0.0, 640.0, 0.0, 609.38238837889, 360.0, 0.0, 0.0, 1.0]
      dt: d
      rows: 3
    R: !!opencv-matrix
      cols: 3
      data: [0.9992297265764682, -0.0016297648257464097, 0.03920838421217273, 0.005235963825436674,
        0.9957406769801267, -0.09204938288754436, -0.03889136419226401, 0.09218377337564233,
        0.9949822177895908]
      dt: d
      rows: 3
    t: !!opencv-matrix
      cols: 1
      data: [-1.0, 0.14948936168254154, 0.03747264663660141]
      dt: d
      rows: 3
  - K1: !!opencv-matrix
      cols: 3
      data: [609.38238837889, 0.0, 640.0, 0.0, 609.38238837889, 360.0, 0.0, 0.0, 1.0]
      dt: d
      rows: 3
    K2: !!opencv-matrix
      cols: 3
      data: [609.38238837889, 0.0, 640.0, 0.0, 609.38238837889, 360.0, 0.0, 0.0, 1.0]
      dt: d
      rows: 3
    R: !!opencv-matrix
      cols: 3
      data: [0.9992297265764682, -0.0016297648257464097, 0.03920838421217273, 0.005235963825436674,
        0.9957406769801267, -0.09204938288754436, -0.03889136419226401, 0.09218377337564233,
        0.9949822177895908]
      dt: d
      rows: 3
    t: !!opencv-matrix
      cols: 1
      data: [-1.0, 0.14998936168254154, 0.03747264663660141]
      dt: d
      rows: 3
  - K1: !!opencv-matrix
      cols: 3
      data: [609.38238837889, 0.0, 640.0, 0.0, 609.38238837889, 360.0, 0.0, 0.0, 1.0]
      dt: d
      rows: 3
    K2: !!opencv-matrix
      cols: 3
      data: [609.38238837889, 0.0, 640.0, 0.0, 609.38238837889, 360.0, 0.0, 0.0, 1.0]
      dt: d
      rows: 3
    R: !!opencv-matrix
      cols: 3
      data: [0.9992297265764682, -0.0016297648257464097, 0.03920838421217273, 0.005235963825436674,
        0.9957406769801267, -0.09204938288754436, -0.03889136419226401, 0.09218377337564233,
        0.9949822177895908]
      dt: d
      rows: 3
    t: !!opencv-matrix
      cols: 1
      data: [-1.0, 0.15048936168254154, 0.03747264663660141]
      dt: d
      rows: 3
  - K1: !!opencv-matrix
      cols: 3
      data: [609.38238837889, 0.0, 640.0, 0.0, 609.38238837889, 360.0, 0.0, 0.0, 1.0]
      dt: d
      rows: 3
    K2: !!opencv-matrix
      cols: 3
      data: [609.38238837889, 0.0, 640.0, 0.0, 609.38238837889, 360.0, 0.0, 0.0, 1.0]
      dt: d
      rows: 3
    R: !!opencv-matrix
      cols: 3
      data: [0.9992297265764682, -0.0016297648257464097, 0.03920838421217273, 0.005235963825436674,
        0.9957406769801267, -0.09204938288754436, -0.03889136419226401, 0.09218377337564233,
        0.9949822177895908]
      dt: d
      rows: 3
    t: !!opencv-matrix
      cols: 1
      data: [-1.0, 0.15098936168254154, 0.03747264663660141]
      dt: d
      rows: 3
  - K1: !!opencv-matrix
      cols: 3
      data: [609.38238837889, 0.0, 640.0, 0.0, 609.38238837889, 360.0, 0.0, 0.0, 1.0]
      dt: d
      rows: 3
    K2: !!opencv-matrix
      cols: 3
      data: [609.38238837889, 0.0, 640.0, 0.0, 609.38238837889, 360.0, 0.0, 0.0, 1.0]
      dt: d
      rows: 3
    R: !!opencv-matrix
      cols: 3
      data: [0.9992297265764682, -0.0016297648257464097, 0.03920838421217273, 0.005235963825436674,
        0.9957406769801267, -0.09204938288754436, -0.03889136419226401, 0.09218377337564233,
        0.9949822177895908]
      dt: d
      rows: 3
    t: !!opencv-matrix
      cols: 1
      data: [-1.0, 0.15148936168254154, 0.03747264663660141]
      dt: d
      rows: 3
  - K1: !!opencv-matrix
      cols: 3
      data: [609.38238837889, 0.0, 640.0, 0.0, 609.38238837889, 360.0, 0.0, 0.0, 1.0]
      dt: d
      rows: 3
    K2: !!opencv-matrix
      cols: 3
      data: [609.38238837889, 0.0, 640.0, 0.0, 609.38238837889, 360.0, 0.0, 0.0, 1.0]
      dt: d
      rows: 3
    R: !!opencv-matrix
      cols: 3
      data: [0.9992297265764682, -0.0016297648257464097, 0.03920838421217273, 0.005235963825436674,
        0.9957406769801267, -0.09204938288754436, -0.03889136419226401, 0.09218377337564233,
        0.9949822177895908]
      dt: d
      rows: 3
    t: !!opencv-matrix
      cols: 1
      data: [-1.0, 0.15198936168254154, 0.03747264663660141]
      dt: d
      rows: 3
  - K1: !!opencv-matrix
      cols: 3
      data: [609.38238837889, 0.0, 640.0, 0.0, 609.38238837889, 360.0, 0.0, 0.0, 1.0]
      dt: d
      rows: 3
    K2: !!opencv-matrix
      cols: 3
      data: [609.38238837889, 0.0, 640.0, 0.0, 609.38238837889, 360.0, 0.0, 0.0, 1.0]
      dt: d
      rows: 3
    R: !!opencv-matrix
      cols: 3
      data: [0.9992297265764682, -0.0016297648257464097, 0.03920838421217273, 0.005235963825436674,
        0.9957406769801267, -0.09204938288754436, -0.03889136419226401, 0.09218377337564233,
        0.9949822177895908]
      dt: d
      rows: 3
    t: !!opencv-matrix
      cols: 1
      data: [-1.0, 0.15248936168254154, 0.03747264663660141]
      dt: d
      rows: 3
  - K1: !!opencv-matrix
      cols: 3
      data: [609.38238837889, 0.0, 640.0, 0.0, 609.38238837889, 360.0, 0.0, 0.0, 1.0]
      dt: d
      rows: 3
    K2: !!opencv-matrix
      cols: 3
      data: [609.38238837889, 0.0, 640.0, 0.0, 609.38238837889, 360.0, 0.0, 0.0, 1.0]
      dt: d
      rows: 3
    R: !!opencv-matrix
      cols: 3
      data: [0.9992297265764682, -0.0016297648257464097, 0.03920838421217273, 0.005235963825436674,
        0.9957406769801267, -0.09204938288754436, -0.03889136419226401, 0.09218377337564233,
        0.9949822177895908]
      dt: d
      rows: 3
    t: !!opencv-matrix
      cols: 1
      data: [-1.0, 0.15298936168254154, 0.03747264663660141]
      dt: d
      rows: 3
  - K1: !!opencv-matrix
      cols: 3
      data: [609.38238837889, 0.0, 640.0, 0.0, 609.38238837889, 360.0, 0.0, 0.0, 1.0]
      dt: d
      rows: 3
    K2: !!opencv-matrix
      cols: 3
      data: [609.38238837889, 0.0, 640.0, 0.0, 609.38238837889, 360.0, 0.0, 0.0, 1.0]
      dt: d
      rows: 3
    R: !!opencv-matrix
      cols: 3
      data: [0.9992297265764682, -0.0016297648257464097, 0.03920838421217273, 0.005235963825436674,
        0.9957406769801267, -0.09204938288754436, -0.03889136419226401, 0.09218377337564233,
        0.9949822177895908]
      dt: d
      rows: 3
    t: !!opencv-matrix
      cols: 1
      data: [-1.0, 0.15348936168254154, 0.03747264663660141]
      dt: d
      rows: 3
  - K1: !!opencv-matrix
      cols: 3
      data: [609.38238837889, 0.0, 640.0, 0.0, 609.38238837889, 360.0, 0.0, 0.0, 1.0]
      dt: d
      rows: 3
    K2: !!opencv-matrix
      cols: 3
      data: [609.38238837889, 0.0, 640.0, 0.0, 609.38238837889, 360.0, 0.0, 0.0, 1.0]
      dt: d
      rows: 3
    R: !!opencv-matrix
      cols: 3
      data: [0.9992297265764682, -0.0016297648257464097, 0.03920838421217273, 0.005235963825436674,
        0.9957406769801267, -0.09204938288754436, -0.03889136419226401, 0.09218377337564233,
        0.9949822177895908]
      dt: d
      rows: 3
    t: !!opencv-matrix
      cols: 1
      data: [-1.0, 0.15398936168254154, 0.03747264663660141]
      dt: d
      rows: 3
  - K1: !!opencv-matrix
      cols: 3
      data: [609.38238837889, 0.0, 640.0, 0.0, 609.38238837889, 360.0, 0.0, 0.0, 1.0]
      dt: d
      rows: 3
    K2: !!opencv-matrix
      cols: 3
      data: [609.38238837889, 0.0, 640.0, 0.0, 609.38238837889, 360.0, 0.0, 0.0, 1.0]
      dt: d
      rows: 3
    R: !!opencv-matrix
      cols: 3
      data: [0.9992297265764682, -0.0016297648257464097, 0.03920838421217273, 0.005235963825436674,
        0.9957406769801267, -0.09204938288754436, -0.03889136419226401, 0.09218377337564233,
        0.9949822177895908]
      dt: d
      rows: 3
    t: !!opencv-matrix
      cols: 1
      data: [-1.0, 0.15448936168254154, 0.03747264663660141]
      dt: d
      rows: 3
  - K1: !!opencv-matrix
      cols: 3
      data: [609.38238837889, 0.0, 640.0, 0.0, 609.38238837889, 360.0, 0.0, 0.0, 1.0]
      dt: d
      rows: 3
    K2: !!opencv-matrix
      cols: 3
      data: [609.38238837889, 0.0, 640.0, 0.0, 609.38238837889, 360.0, 0.0, 0.0, 1.0]
      dt: d
      rows: 3
    R: !!opencv-matrix
      cols: 3
      data: [0.9992297265764682, -0.0016297648257464097, 0.03920838421217273, 0.005235963825436674,
        0.9957406769801267, -0.09204938288754436, -0.03889136419226401, 0.09218377337564233,
        0.9949822177895908]
      dt: d
      rows: 3
    t: !!opencv-matrix
      cols: 1
      data: [-1.0, 0.15498936168254154, 0.03747264663660141]
      dt: d
      rows: 3
  - K1: !!opencv-matrix
      cols: 3
      data: [609.38238837889, 0.0, 640.0, 0.0, 609.38238837889, 360.0, 0.0, 0.0, 1.0]
      dt: d
      rows: 3
    K2: !!opencv-matrix
      cols: 3
      data: [609.38238837889, 0.0, 640.0, 0.0, 609.38238837889, 360.0, 0.0, 0.0, 1.0]
      dt: d
      rows: 3
    R: !!opencv-matrix
      cols: 3
      data: [0.9992297265764682, -0.0016297648257464097, 0.03920838421217273, 0.005235963825436674,
        0.9957406769801267, -0.09204938288754436, -0.03889136419226401, 0.09218377337564233,
        0.9949822177895908]
      dt: d
      rows: 3
    t: !!opencv-matrix
      cols: 1
      data: [-1.0, 0.15548936168254154, 0.03747264663660141]
      dt: d
      rows: 3
  - K1: !!opencv-matrix
      cols: 3
      data: [609.38238837889, 0.0, 640.0, 0.0, 609.38238837889, 360.0, 0.0, 0.0, 1.0]
      dt: d
      rows: 3
    K2: !!opencv-matrix
      cols: 3
      data: [609.38238837889, 0.0, 640.0, 0.0, 609.38238837889, 360.0, 0.0, 0.0, 1.0]
      dt: d
      rows: 3
    R: !!opencv-matrix
      cols: 3
      data: [0.9992297265764682, -0.0016297648257464097, 0.03920838421217273, 0.005235963825436674,
        0.9957406769801267, -0.09204938288754436, -0.03889136419226401, 0.09218377337564233,
        0.9949822177895908]
      dt: d
      rows: 3
    t: !!opencv-matrix
      cols: 1
      data: [-1.0, 0.15598936168254154, 0.03747264663660141]
      dt: d
      rows: 3
  - K1: !!opencv-matrix
      cols: 3
      data: [609.38238837889, 0.0, 640.0, 0.0, 609.38238837889, 360.0, 0.0, 0.0, 1.0]
      dt: d
      rows: 3
    K2: !!opencv-matrix
      cols: 3
      data: [609.38238837889, 0.0, 640.0, 0.0, 609.38238837889, 360.0, 0.0, 0.0, 1.0]
      dt: d
      rows: 3
    R: !!opencv-matrix
      cols: 3
      data: [0.9992297265764682, -0.0016297648257464097, 0.03920838421217273, 0.005235963825436674,
        0.9957406769801267, -0.09204938288754436, -0.03889136419226401, 0.09218377337564233,
        0.9949822177895908]
      dt: d
      rows: 3
    t: !!opencv-matrix
      cols: 1
      data: [-1.0, 0.15648936168254154, 0.03747264663660141]
      dt: d
      rows: 3
  - K1: !!opencv-matrix
      cols: 3
      data: [609.38238837889, 0.0, 640.0, 0.0, 609.38238837889, 360.0, 0.0, 0.0, 1.0]
      dt: d
      rows: 3
    K2: !!opencv-matrix
      cols: 3
      data: [609.38238837889, 0.0, 640.0, 0.0, 609.38238837889, 360.0, 0.0, 0.0, 1.0]
      dt: d
      rows: 3
    R: !!opencv-matrix
      cols: 3
      data: [0.9992297265764682, -0.0016297648257464097, 0.03920838421217273, 0.005235963825436674,
        0.9957406769801267, -0.09204938288754436, -0.03889136419226401, 0.09218377337564233,
        0.9949822177895908]
      dt: d
      rows: 3
    t: !!opencv-matrix
      cols: 1
      data: [-1.0, 0.15698936168254154, 0.03747264663660141]
      dt: d
      rows: 3
  - K1: !!opencv-matrix
      cols: 3
      data: [609.38238837889, 0.0, 640.0, 0.0, 609.38238837889, 360.0, 0.0, 0.0, 1.0]
      dt: d
      rows: 3
    K2: !!opencv-matrix
      cols: 3
      data: [609.38238837889, 0.0, 640.0, 0.0, 609.38238837889, 360.0, 0.0, 0.0, 1.0]
      dt: d
      rows: 3
    R: !!opencv-matrix
      cols: 3
      data: [0.9992297265764682, -0.0016297648257464097, 0.03920838421217273, 0.005235963825436674,
        0.9957406769801267, -0.09204938288754436, -0.03889136419226401, 0.09218377337564233,
        0.9949822177895908]
      dt: d
      rows: 3
    t: !!opencv-matrix
      cols: 1
      data: [-1.0, 0.15748936168254155, 0.03747264663660141]
      dt: d
      rows: 3
  - K1: !!opencv-matrix
      cols: 3
      data: [609.38238837889, 0.0, 640.0, 0.0, 609.38238837889, 360.0, 0.0, 0.0, 1.0]
      dt: d
      rows: 3
    K2: !!opencv-matrix
      cols: 3
      data: [609.38238837889, 0.0, 640.0, 0.0, 609.38238837889, 360.0, 0.0, 0.0, 1.0]
      dt: d
      rows: 3
    R: !!opencv-matrix
      cols: 3
      data: [0.9992297265764682, -0.0016297648257464097, 0.03920838421217273, 0.005235963825436674,
        0.9957406769801267, -0.09204938288754436, -0.03889136419226401, 0.09218377337564233,
        0.9949822177895908]
      dt: d
      rows: 3
    t: !!opencv-matrix
      cols: 1
      data: [-1.0, 0.15798936168254155, 0.03747264663660141]
      dt: d
      rows: 3
  - K1: !!opencv-matrix
      cols: 3
      data: [609.38238837889, 0.0, 640.0, 0.0, 609.38238837889, 360.0, 0.0, 0.0, 1.0]
      dt: d
      rows: 3
    K2: !!opencv-matrix
      cols: 3
      data: [609.38238837889, 0.0, 640.0, 0.0, 609.38238837889, 360.0, 0.0, 0.0, 1.0]
      dt: d
      rows: 3
    R: !!opencv-matrix
      cols: 3
      data: [0.9992297265764682, -0.0016297648257464097, 0.03920838421217273, 0.005235963825436674,
        0.9957406769801267, -0.09204938288754436, -0.03889136419226401, 0.09218377337564233,
        0.9949822177895908]
      dt: d
      rows: 3
    t: !!opencv-matrix
      cols: 1
      data: [-1.0, 0.15848936168254155, 0.03747264663660141]
      dt: d
      rows: 3
  - K1: !!opencv-matrix
      cols: 3
      data: [609.38238837889, 0.0, 640.0, 0.0, 609.38238837889, 360.0, 0.0, 0.0, 1.0]
      dt: d
      rows: 3
    K2: !!opencv-matrix
      cols: 3
      data: [609.38238837889, 0.0, 640.0, 0.0, 609.38238837889, 360.0, 0.0, 0.0, 1.0]
      dt: d
      rows: 3
    R: !!opencv-matrix
      cols: 3
      data: [0.9992297265764682, -0.0016297648257464097, 0.03920838421217273, 0.005235963825436674,
        0.9957406769801267, -0.09204938288754436, -0.03889136419226401, 0.09218377337564233,
        0.9949822177895908]
      dt: d
      rows: 3
    t: !!opencv-matrix
      cols: 1
      data: [-1.0, 0.15898936168254155, 0.03747264663660141]
      dt: d
      rows: 3
  - K1: !!opencv-matrix
      cols: 3
      data: [609.38238837889, 0.0, 640.0, 0.0, 609.38238837889, 360.0, 0.0, 0.0, 1.0]
      dt: d
      rows: 3
    K2: !!opencv-matrix
      cols: 3
      data: [609.38238837889, 0.0, 640.0, 0.0, 609.38238837889, 360.0, 0.0, 0.0, 1.0]
      dt: d
      rows: 3
    R: !!opencv-matrix
      cols: 3
      data: [0.9992297265764682, -0.0016297648257464097, 0.03920838421217273, 0.005235963825436674,
        0.9957406769801267, -0.09204938288754436, -0.03889136419226401, 0.09218377337564233,
        0.9949822177895908]
      dt: d
      rows: 3
    t: !!opencv-matrix
      cols: 1
      data: [-1.0, 0.15948936168254155, 0.03747264663660141]
      dt: d
      rows: 3
  - K1: !!opencv-matrix
      cols: 3
      data: [609.38238837889, 0.0, 640.0, 0.0, 609.38238837889, 360.0, 0.0, 0.0, 1.0]
      dt: d
      rows: 3
    K2: !!opencv-matrix
      cols: 3
      data: [609.38238837889, 0.0, 640.0, 0.0, 609.38238837889, 360.0, 0.0, 0.0, 1.0]
      dt: d
      rows: 3
    R: !!opencv-matrix
      cols: 3
      data: [0.9992297265764682, -0.0016297648257464097, 0.03920838421217273, 0.005235963825436674,
        0.9957406769801267, -0.09204938288754436, -0.03889136419226401, 0.09218377337564233,
        0.9949822177895908]
      dt: d
      rows: 3
    t: !!opencv-matrix
      cols: 1
      data: [-1.0, 0.15998936168254155, 0.03747264663660141]
      dt: d
      rows: 3
  - K1: !!opencv-matrix
      cols: 3
      data: [609.38238837889, 0.0, 640.0, 0.0, 609.38238837889, 360.0, 0.0, 0.0, 1.0]
      dt: d
      rows: 3
    K2: !!opencv-matrix
      cols: 3
      data: [609.38238837889, 0.0, 640.0, 0.0, 609.38238837889, 360.0, 0.0, 0.0, 1.0]
      dt: d
      rows: 3
    R: !!opencv-matrix
      cols: 3
      data: [0.9992297265764682, -0.0016297648257464097, 0.03920838421217273, 0.005235963825436674,
        0.9957406769801267, -0.09204938288754436, -0.03889136419226401, 0.09218377337564233,
        0.9949822177895908]
      dt: d
      rows: 3
    t: !!opencv-matrix
      cols: 1
      data: [-1.0, 0.16048936168254155, 0.03747264663660141]
      dt: d
      rows: 3
  - K1: !!opencv-matrix
      cols: 3
      data: [609.38238837889, 0.0, 640.0, 0.0, 609.38238837889, 360.0, 0.0, 0.0, 1.0]
      dt: d
      rows: 3
    K2: !!opencv-matrix
      cols: 3
      data: [609.38238837889, 0.0, 640.0, 0.0, 609.38238837889, 360.0, 0.0, 0.0, 1.0]
      dt: d
      rows: 3
    R: !!opencv-matrix
      cols: 3
      data: [0.9992297265764682, -0.0016297648257464097, 0.03920838421217273, 0.005235963825436674,
        0.9957406769801267, -0.09204938288754436, -0.03889136419226401, 0.09218377337564233,
        0.9949822177895908]
      dt: d
      rows: 3
    t: !!opencv-matrix
      cols: 1
