%YAML:1.0
---
# This file contains user specific parameters used to generate multiple consecutive stereo frames with correspondences.
#
#
# Number of total frames. Max. 10000
nrTotalFrames: 200
# ---- Options for stereo extrinsics ----
#
#
# Number of different stereo configurations (max. 1000).
# The number of frames per camera configuration is controlled by the smallest number of the change rates (e.g. txChangeFRate) for tx, ty, tz, roll, pitch, and yaw.
nrStereoConfigs: 200
# Specifies after how many frames the x-component for the translation vector between the stereo cameras shall be changed linearly by a given value.
# Set this value to 0, if you do not want to change the x-component linearly.
txChangeFRate: 0
# Specifies after how many frames the y-component for the translation vector between the stereo cameras shall be changed linearly by a given value.
# Set this value to 0, if you do not want to change the y-component linearly.
tyChangeFRate: 0
# Specifies after how many frames the z-component for the translation vector between the stereo cameras shall be changed linearly by a given value.
# Set this value to 0, if you do not want to change the z-component linearly.
tzChangeFRate: 0
# Specifies after how many frames the roll angle (angle about x-axis) between the stereo cameras shall be changed linearly by a given value.
# Set this value to 0, if you do not want to change the roll linearly.
rollChangeFRate: 1
# Specifies after how many frames the pitch angle (angle about y-axis) between the stereo cameras shall be changed linearly by a given value.
# Set this value to 0, if you do not want to change the pitch linearly.
pitchChangeFRate: 0
# Specifies after how many frames the yaw angle (angle about z-axis) between the stereo cameras shall be changed linearly by a given value.
# Set this value to 0, if you do not want to change the yaw linearly.
yawChangeFRate: 0
# Linear change rate for tx (x-component of the translation vector between the stereo cameras).
txLinChangeVal: -1.0000000000000000e-02
# Linear change rate for ty (y-component of the translation vector between the stereo cameras).
tyLinChangeVal: 1.0000000000000000e-03
# Linear change rate for tz (z-component of the translation vector between the stereo cameras).
tzLinChangeVal: 5.0000000000000001e-04
# Linear change rate for the roll angle (angle in degrees about x-axis) between the stereo cameras.
rollLinChangeVal: -2.5000000000000000e-02
# Linear change rate for the pitch angle (angle in degrees about y-axis) between the stereo cameras.
pitchLinChangeVal: 1.0000000000000001e-01
# Linear change rate for the yaw angle (angle in degrees about z-axis) between the stereo cameras.
yawLinChangeVal: 0
# Start value for tx (x-component (right) of the translation vector between the stereo cameras).
# Only used if the specified range is 0.
txStartVal: -1.
# Start value for ty (y-component (down) of the translation vector between the stereo cameras).
# Only used if the specified range is 0.
tyStartVal: 1.0000000000000001e-01
# Start value for tz (z-component (forward) of the translation vector between the stereo cameras).
# Only used if the specified range is 0.
tzStartVal: 1.0000000000000000e-02
# Start value for the roll angle (angle in degrees about x-axis, right handed coordinate system, R = R_y * R_z * R_x) between the stereo cameras.
# Only used if the specified range is 0.
rollStartVal: 2.
# Start value for the pitch angle (angle in degrees about y-axis, right handed coordinate system, R = R_y * R_z * R_x) between the stereo cameras.
# Only used if the specified range is 0.
pitchStartVal: -8.1999999999999993e+00
# Start value for the yaw angle (angle in degrees about z-axis, right handed coordinate system, R = R_y * R_z * R_x) between the stereo cameras.
# Only used if the specified range is 0.
yawStartVal: 2.9999999999999999e-01
# Possible range of the initial tx (x-component (right) of the translation vector between the stereo cameras) to be able to meet a user specific image overlap.
# The optimal tx starting-value is by default only estimated for the first stereo configuration. If specified by txVariable, the range is used for every new configuration.
# If the range (difference between both values) is 0, tx will be kept fixed at the given start value for tx.
txRange:
   first: 0
   second: 0
# Possible range of the initial ty (y-component (down) of the translation vector between the stereo cameras) to be able to meet a user specific image overlap.
# The optimal ty starting-value is by default only estimated for the first stereo configuration. If specified by tyVariable, the range is used for every new configuration.
# If the range (difference between both values) is 0, ty will be kept fixed at the given start value for ty.
tyRange:
   first: -2.0000000000000001e-01
   second: 2.0000000000000001e-01
# Possible range of the initial tz (z-component (forward) of the translation vector between the stereo cameras) to be able to meet a user specific image overlap.
# The optimal tz starting-value is by default only estimated for the first stereo configuration. If specified by tzVariable, the range is used for every new configuration.
# If the range (difference between both values) is 0, tz will be kept fixed at the given start value for tz.
tzRange:
   first: -1.0000000000000001e-01
   second: 1.0000000000000001e-01
# Possible range for the initial roll angle (angle in degrees about x-axis between the stereo cameras, right handed coordinate system, R = R_y * R_z * R_x)
# to be able to meet a user specific image overlap. The optimal roll starting-value is by default only estimated for the
# first stereo configuration. If specified by rollVariable, the range is used for every new configuration.
# If the range (difference between both values) is 0, the roll angle will be kept fixed at the given start value for roll.
rollRange:
   first: -8.
   second: 8.
# Possible range for the initial pitch angle (angle in degrees about y-axis between the stereo cameras, right handed coordinate system, R = R_y * R_z * R_x)
# to be able to meet a user specific image overlap. The optimal pitch starting-value is by default only estimated for the
# first stereo configuration. If specified by pitchVariable, the range is used for every new configuration.
# If the range (difference between both values) is 0, the pitch angle will be kept fixed at the given start value for pitch.
pitchRange:
   first: -20.
   second: 20.
# Possible range for the initial yaw angle (angle in degrees about z-axis between the stereo cameras, right handed coordinate system, R = R_y * R_z * R_x)
# to be able to meet a user specific image overlap. The optimal yaw starting-value is by default only estimated for the
# first stereo configuration. If specified by yawVariable, the range is used for every new configuration.
# If the range (difference between both values) is 0, the yaw angle will be kept fixed at the given start value for yaw.
yawRange:
   first: 0
   second: 0
# Use the specified tx-range for every new stereo configuration (not only for the first) where tx should change (depends on txChangeFRate).
# If this value is 1, an optimal value is selected within the given range for every new changed stereo configuration to meet a
# specific image overlap between the 2 stereo cameras. Otherwise set the value to 0.
txVariable: 0
# Use the specified ty-range for every new stereo configuration (not only for the first) where ty should change (depends on tyChangeFRate).
# If this value is 1, an optimal value is selected within the given range for every new changed stereo configuration to meet a
# specific image overlap between the 2 stereo cameras. Otherwise set the value to 0.
tyVariable: 0
# Use the specified tz-range for every new stereo configuration (not only for the first) where tz should change (depends on tzChangeFRate).
# If this value is 1, an optimal value is selected within the given range for every new changed stereo configuration to meet a
# specific image overlap between the 2 stereo cameras. Otherwise set the value to 0.
tzVariable: 0
# Use the specified roll-range for every new stereo configuration (not only for the first) where the roll angle should change (depends on rollChangeFRate).
# If this value is 1, an optimal value is selected within the given range for every new changed stereo configuration to meet a
# specific image overlap between the 2 stereo cameras. Otherwise set the value to 0.
rollVariable: 0
# Use the specified pitch-range for every new stereo configuration (not only for the first) where the pitch angle should change (depends on pitchChangeFRate).
# If this value is 1, an optimal value is selected within the given range for every new changed stereo configuration to meet a
# specific image overlap between the 2 stereo cameras. Otherwise set the value to 0.
pitchVariable: 0
# Use the specified yaw-range for every new stereo configuration (not only for the first) where the yaw angle should change (depends on yawChangeFRate).
# If this value is 1, an optimal value is selected within the given range for every new changed stereo configuration to meet a
# specific image overlap between the 2 stereo cameras. Otherwise set the value to 0.
yawVariable: 0
# Set this variable to 1 if you want to use your own extrinsic and intrinsic camera parameters (set them in specificCamPars).
# Otherwise, set this value to 0.
useSpecificCamPars: 1
# Input for specific extrinsic and intrinsic stereo camera parameters. The translation vectors must include the scale factor.
# Rotation matrices must be generated by R = R_y * R_z * R_x (right handed coordinate system, x-axis: right, y-axis: down, z-axis: forward); x2 = R * x1 + t.
# Every list element specifies a new stereo pair. To use these parameters,useSpecificCamPars must be set to 1.
# Currently there is only support for different extrinsics. The camera matrices stay the same as for the first stereo configuration
# regardless of what is entered for the camera matrices in the subsequent configurations.
# The update frequence (in frames) is calculated by nrTotalFrames devided by the number of entered stereo configurations (here) or nrStereoConfigs (whatever value is smaller; nrStereoConfigs is not allowed to be larger than the number of entries entered here).
specificCamPars:
  - K1: !!opencv-matrix
      cols: 3
      data: [436.0076934276864, 0.0, 640.0, 0.0, 436.0076934276864, 360.0, 0.0, 0.0,
        1.0]
      dt: d
      rows: 3
    K2: !!opencv-matrix
      cols: 3
      data: [436.0076934276864, 0.0, 640.0, 0.0, 436.0076934276864, 360.0, 0.0, 0.0,
        1.0]
      dt: d
      rows: 3
    R: !!opencv-matrix
      cols: 3
      data: [0.9978141858063709, -0.00683741579910477, -0.06572747027506277, 0.005235963825436674,
        0.9996859590060274, -0.02450648993671118, 0.06587439021644016, 0.024108776646473793,
        0.9975366317094438]
      dt: d
      rows: 3
    t: !!opencv-matrix
      cols: 1
      data: [-1.0, -0.06779383943195119, -0.09692629417212464]
      dt: d
      rows: 3
  - K1: !!opencv-matrix
      cols: 3
      data: [436.0076934276864, 0.0, 640.0, 0.0, 436.0076934276864, 360.0, 0.0, 0.0,
        1.0]
      dt: d
      rows: 3
    K2: !!opencv-matrix
      cols: 3
      data: [436.0076934276864, 0.0, 640.0, 0.0, 436.0076934276864, 360.0, 0.0, 0.0,
        1.0]
      dt: d
      rows: 3
    R: !!opencv-matrix
      cols: 3
      data: [0.9978141858063709, -0.006808736130041166, -0.06573044740362399, 0.005235963825436674,
        0.999696556816066, -0.024070292331440337, 0.06587439021644016, 0.023673516899982327,
        0.9975470561889291]
      dt: d
      rows: 3
    t: !!opencv-matrix
      cols: 1
      data: [-1.0, -0.06779383943195119, -0.09692629417212464]
      dt: d
      rows: 3
  - K1: !!opencv-matrix
      cols: 3
      data: [436.0076934276864, 0.0, 640.0, 0.0, 436.0076934276864, 360.0, 0.0, 0.0,
        1.0]
      dt: d
      rows: 3
    K2: !!opencv-matrix
      cols: 3
      data: [436.0076934276864, 0.0, 640.0, 0.0, 436.0076934276864, 360.0, 0.0, 0.0,
        1.0]
      dt: d
      rows: 3
    R: !!opencv-matrix
      cols: 3
      data: [0.9978141858063709, -0.006780055164690314, -0.06573341201803587, 0.005235963825436674,
        0.9997069642979919, -0.023634090143525608, 0.06587439021644016, 0.02323825264638742,
        0.9975572907495363]
      dt: d
      rows: 3
    t: !!opencv-matrix
      cols: 1
      data: [-1.0, -0.06779383943195119, -0.09692629417212464]
      dt: d
      rows: 3
  - K1: !!opencv-matrix
      cols: 3
      data: [436.0076934276864, 0.0, 640.0, 0.0, 436.0076934276864, 360.0, 0.0, 0.0,
        1.0]
      dt: d
      rows: 3
    K2: !!opencv-matrix
      cols: 3
      data: [436.0076934276864, 0.0, 640.0, 0.0, 436.0076934276864, 360.0, 0.0, 0.0,
        1.0]
      dt: d
      rows: 3
    R: !!opencv-matrix
      cols: 3
      data: [0.9978141858063709, -0.006751372908512667, -0.06573636411773402, 0.005235963825436674,
        0.9997171814498239, -0.023197883456013733, 0.06587439021644016, 0.022802983968557233,
        0.997567335389317]
      dt: d
      rows: 3
    t: !!opencv-matrix
      cols: 1
      data: [-1.0, -0.06779383943195119, -0.09692629417212464]
      dt: d
      rows: 3
  - K1: !!opencv-matrix
      cols: 3
      data: [436.0076934276864, 0.0, 640.0, 0.0, 436.0076934276864, 360.0, 0.0, 0.0,
        1.0]
      dt: d
      rows: 3
    K2: !!opencv-matrix
      cols: 3
      data: [436.0076934276864, 0.0, 640.0, 0.0, 436.0076934276864, 360.0, 0.0, 0.0,
        1.0]
      dt: d
      rows: 3
    R: !!opencv-matrix
      cols: 3
      data: [0.9978141858063709, -0.006722689366968921, -0.06573930370215636, 0.005235963825436674,
        0.9997272082696165, -0.022761672351952315, 0.06587439021644016, 0.022367710949360797,
        0.9975771901063586]
      dt: d
      rows: 3
    t: !!opencv-matrix
      cols: 1
      data: [-1.0, -0.06779383943195119, -0.09692629417212464]
      dt: d
      rows: 3
  - K1: !!opencv-matrix
      cols: 3
      data: [436.0076934276864, 0.0, 640.0, 0.0, 436.0076934276864, 360.0, 0.0, 0.0,
        1.0]
      dt: d
      rows: 3
    K2: !!opencv-matrix
      cols: 3
      data: [436.0076934276864, 0.0, 640.0, 0.0, 436.0076934276864, 360.0, 0.0, 0.0,
        1.0]
      dt: d
      rows: 3
    R: !!opencv-matrix
      cols: 3
      data: [0.9978141858063709, -0.006694004545520018, -0.06574223077074329, 0.005235963825436674,
        0.9997370447554609, -0.022325456914389787, 0.06587439021644016, 0.021932433671667934,
        0.9975868548987853]
      dt: d
      rows: 3
    t: !!opencv-matrix
      cols: 1
      data: [-1.0, -0.06779383943195119, -0.09692629417212464]
      dt: d
      rows: 3
  - K1: !!opencv-matrix
      cols: 3
      data: [436.0076934276864, 0.0, 640.0, 0.0, 436.0076934276864, 360.0, 0.0, 0.0,
        1.0]
      dt: d
      rows: 3
    K2: !!opencv-matrix
      cols: 3
      data: [436.0076934276864, 0.0, 640.0, 0.0, 436.0076934276864, 360.0, 0.0, 0.0,
        1.0]
      dt: d
      rows: 3
    R: !!opencv-matrix
      cols: 3
      data: [0.9978141858063709, -0.006665318449627144, -0.06574514532293747, 0.005235963825436674,
        0.9997466909054845, -0.021889237226375403, 0.06587439021644016, 0.021497152218349302,
        0.9975963297647569]
      dt: d
      rows: 3
    t: !!opencv-matrix
      cols: 1
      data: [-1.0, -0.06779383943195119, -0.09692629417212464]
      dt: d
      rows: 3
  - K1: !!opencv-matrix
      cols: 3
      data: [436.0076934276864, 0.0, 640.0, 0.0, 436.0076934276864, 360.0, 0.0, 0.0,
        1.0]
      dt: d
      rows: 3
    K2: !!opencv-matrix
      cols: 3
      data: [436.0076934276864, 0.0, 640.0, 0.0, 436.0076934276864, 360.0, 0.0, 0.0,
        1.0]
      dt: d
      rows: 3
    R: !!opencv-matrix
      cols: 3
      data: [0.9978141858063709, -0.0066366310847517235, -0.06574804735818406, 0.005235963825436674,
        0.9997561467178505, -0.021453013370959253, 0.06587439021644016, 0.021061866672276348,
        0.9976056147024692]
      dt: d
      rows: 3
    t: !!opencv-matrix
      cols: 1
      data: [-1.0, -0.06779383943195119, -0.09692629417212464]
      dt: d
      rows: 3
  - K1: !!opencv-matrix
      cols: 3
      data: [436.0076934276864, 0.0, 640.0, 0.0, 436.0076934276864, 360.0, 0.0, 0.0,
        1.0]
      dt: d
      rows: 3
    K2: !!opencv-matrix
      cols: 3
      data: [436.0076934276864, 0.0, 640.0, 0.0, 436.0076934276864, 360.0, 0.0, 0.0,
        1.0]
      dt: d
      rows: 3
    R: !!opencv-matrix
      cols: 3
      data: [0.9978141858063709, -0.006607942456355428, -0.06575093687593053, 0.005235963825436674,
        0.9997654121907589, -0.021016785431192182, 0.06587439021644016, 0.020626577116321283,
        0.9976147097101549]
      dt: d
      rows: 3
    t: !!opencv-matrix
      cols: 1
      data: [-1.0, -0.06779383943195119, -0.09692629417212464]
      dt: d
      rows: 3
  - K1: !!opencv-matrix
      cols: 3
      data: [436.0076934276864, 0.0, 640.0, 0.0, 436.0076934276864, 360.0, 0.0, 0.0,
        1.0]
      dt: d
      rows: 3
    K2: !!opencv-matrix
      cols: 3
      data: [436.0076934276864, 0.0, 640.0, 0.0, 436.0076934276864, 360.0, 0.0, 0.0,
        1.0]
      dt: d
      rows: 3
    R: !!opencv-matrix
      cols: 3
      data: [0.9978141858063709, -0.006579252569900168, -0.06575381387562679, 0.005235963825436674,
        0.9997744873224456, -0.020580553490125844, 0.06587439021644016, 0.020191283633357104,
        0.9976236147860823]
      dt: d
      rows: 3
    t: !!opencv-matrix
      cols: 1
      data: [-1.0, -0.06779383943195119, -0.09692629417212464]
      dt: d
      rows: 3
  - K1: !!opencv-matrix
      cols: 3
      data: [436.0076934276864, 0.0, 640.0, 0.0, 436.0076934276864, 360.0, 0.0, 0.0,
        1.0]
      dt: d
      rows: 3
    K2: !!opencv-matrix
      cols: 3
      data: [436.0076934276864, 0.0, 640.0, 0.0, 436.0076934276864, 360.0, 0.0, 0.0,
        1.0]
      dt: d
      rows: 3
    R: !!opencv-matrix
      cols: 3
      data: [0.9978141858063709, -0.006550561430848091, -0.06575667835672505, 0.005235963825436674,
        0.9997833721111827, -0.020144317630812637, 0.06587439021644016, 0.019755986306257547,
        0.997632329928556]
      dt: d
      rows: 3
    t: !!opencv-matrix
      cols: 1
      data: [-1.0, -0.06779383943195119, -0.09692629417212464]
      dt: d
      rows: 3
  - K1: !!opencv-matrix
      cols: 3
      data: [436.0076934276864, 0.0, 640.0, 0.0, 436.0076934276864, 360.0, 0.0, 0.0,
        1.0]
      dt: d
      rows: 3
    K2: !!opencv-matrix
      cols: 3
      data: [436.0076934276864, 0.0, 640.0, 0.0, 436.0076934276864, 360.0, 0.0, 0.0,
        1.0]
      dt: d
      rows: 3
    R: !!opencv-matrix
      cols: 3
      data: [0.9978141858063709, -0.006521869044661586, -0.06575953031868, 0.005235963825436674,
        0.999792066555279, -0.01970807793630571, 0.06587439021644016, 0.019320685217897073,
        0.9976408551359166]
      dt: d
      rows: 3
    t: !!opencv-matrix
      cols: 1
      data: [-1.0, -0.06779383943195119, -0.09692629417212464]
      dt: d
      rows: 3
  - K1: !!opencv-matrix
      cols: 3
      data: [436.0076934276864, 0.0, 640.0, 0.0, 436.0076934276864, 360.0, 0.0, 0.0,
        1.0]
      dt: d
      rows: 3
    K2: !!opencv-matrix
      cols: 3
      data: [436.0076934276864, 0.0, 640.0, 0.0, 436.0076934276864, 360.0, 0.0, 0.0,
        1.0]
      dt: d
      rows: 3
    R: !!opencv-matrix
      cols: 3
      data: [0.9978141858063709, -0.006493175416803279, -0.06576236976094862, 0.005235963825436674,
        0.9998005706530788, -0.01927183448965895, 0.06587439021644016, 0.018885380451150867,
        0.9976491904065414]
      dt: d
      rows: 3
    t: !!opencv-matrix
      cols: 1
      data: [-1.0, -0.06779383943195119, -0.09692629417212464]
      dt: d
      rows: 3
  - K1: !!opencv-matrix
      cols: 3
      data: [436.0076934276864, 0.0, 640.0, 0.0, 436.0076934276864, 360.0, 0.0, 0.0,
        1.0]
      dt: d
      rows: 3
    K2: !!opencv-matrix
      cols: 3
      data: [436.0076934276864, 0.0, 640.0, 0.0, 436.0076934276864, 360.0, 0.0, 0.0,
        1.0]
      dt: d
      rows: 3
    R: !!opencv-matrix
      cols: 3
      data: [0.9978141858063709, -0.0064644805527360304, -0.06576519668299034, 0.005235963825436674,
        0.9998088844029632, -0.018835587373926942, 0.06587439021644016, 0.018450072088894806,
        0.9976573357388432]
      dt: d
      rows: 3
    t: !!opencv-matrix
      cols: 1
      data: [-1.0, -0.06779383943195119, -0.09692629417212464]
      dt: d
      rows: 3
  - K1: !!opencv-matrix
      cols: 3
      data: [436.0076934276864, 0.0, 640.0, 0.0, 436.0076934276864, 360.0, 0.0, 0.0,
        1.0]
      dt: d
      rows: 3
    K2: !!opencv-matrix
      cols: 3
      data: [436.0076934276864, 0.0, 640.0, 0.0, 436.0076934276864, 360.0, 0.0, 0.0,
        1.0]
      dt: d
      rows: 3
    R: !!opencv-matrix
      cols: 3
      data: [0.9978141858063709, -0.006435784457922937, -0.06576801108426698, 0.005235963825436674,
        0.9998170078033496, -0.018399336672164986, 0.06587439021644016, 0.018014760214005464,
        0.9976652911312712]
      dt: d
      rows: 3
    t: !!opencv-matrix
      cols: 1
      data: [-1.0, -0.06779383943195119, -0.09692629417212464]
      dt: d
      rows: 3
  - K1: !!opencv-matrix
      cols: 3
      data: [436.0076934276864, 0.0, 640.0, 0.0, 436.0076934276864, 360.0, 0.0, 0.0,
        1.0]
      dt: d
      rows: 3
    K2: !!opencv-matrix
      cols: 3
      data: [436.0076934276864, 0.0, 640.0, 0.0, 436.0076934276864, 360.0, 0.0, 0.0,
        1.0]
      dt: d
      rows: 3
    R: !!opencv-matrix
      cols: 3
      data: [0.9978141858063709, -0.006407087137827332, -0.0657708129642427, 0.005235963825436674,
        0.999824940852691, -0.01796308246742905, 0.06587439021644016, 0.017579444909360076,
        0.9976730565823109]
      dt: d
      rows: 3
    t: !!opencv-matrix
      cols: 1
      data: [-1.0, -0.06779383943195119, -0.09692629417212464]
      dt: d
      rows: 3
  - K1: !!opencv-matrix
      cols: 3
      data: [436.0076934276864, 0.0, 640.0, 0.0, 436.0076934276864, 360.0, 0.0, 0.0,
        1.0]
      dt: d
      rows: 3
    K2: !!opencv-matrix
      cols: 3
      data: [436.0076934276864, 0.0, 640.0, 0.0, 436.0076934276864, 360.0, 0.0, 0.0,
        1.0]
      dt: d
      rows: 3
    R: !!opencv-matrix
      cols: 3
      data: [0.9978141858063709, -0.006378388597912778, -0.06577360232238405, 0.005235963825436674,
        0.9998326835494774, -0.01752682484277578, 0.06587439021644016, 0.01714412625783653,
        0.9976806320904839]
      dt: d
      rows: 3
    t: !!opencv-matrix
      cols: 1
      data: [-1.0, -0.06779383943195119, -0.09692629417212464]
      dt: d
      rows: 3
  - K1: !!opencv-matrix
      cols: 3
      data: [436.0076934276864, 0.0, 640.0, 0.0, 436.0076934276864, 360.0, 0.0, 0.0,
        1.0]
      dt: d
      rows: 3
    K2: !!opencv-matrix
      cols: 3
      data: [436.0076934276864, 0.0, 640.0, 0.0, 436.0076934276864, 360.0, 0.0, 0.0,
        1.0]
      dt: d
      rows: 3
    R: !!opencv-matrix
      cols: 3
      data: [0.9978141858063709, -0.006349688843643075, -0.06577637915815998, 0.005235963825436674,
        0.9998402358922346, -0.017090563881262476, 0.06587439021644016, 0.016708804342313355,
        0.997688017654348]
      dt: d
      rows: 3
    t: !!opencv-matrix
      cols: 1
      data: [-1.0, -0.06779383943195119, -0.09692629417212464]
      dt: d
      rows: 3
  - K1: !!opencv-matrix
      cols: 3
      data: [436.0076934276864, 0.0, 640.0, 0.0, 436.0076934276864, 360.0, 0.0, 0.0,
        1.0]
      dt: d
      rows: 3
    K2: !!opencv-matrix
      cols: 3
      data: [436.0076934276864, 0.0, 640.0, 0.0, 436.0076934276864, 360.0, 0.0, 0.0,
        1.0]
      dt: d
      rows: 3
    R: !!opencv-matrix
      cols: 3
      data: [0.9978141858063709, -0.006320987880482246, -0.06577914347104183, 0.005235963825436674,
        0.9998475978795247, -0.016654299665947055, 0.06587439021644016, 0.016273479245669693,
        0.9976952132724969]
      dt: d
      rows: 3
    t: !!opencv-matrix
      cols: 1
      data: [-1.0, -0.06779383943195119, -0.09692629417212464]
      dt: d
      rows: 3
  - K1: !!opencv-matrix
      cols: 3
      data: [436.0076934276864, 0.0, 640.0, 0.0, 436.0076934276864, 360.0, 0.0, 0.0,
        1.0]
      dt: d
      rows: 3
    K2: !!opencv-matrix
      cols: 3
      data: [436.0076934276864, 0.0, 640.0, 0.0, 436.0076934276864, 360.0, 0.0, 0.0,
        1.0]
      dt: d
      rows: 3
    R: !!opencv-matrix
      cols: 3
      data: [0.9978141858063709, -0.006292285713894554, -0.06578189526050329, 0.005235963825436674,
        0.999854769509946, -0.016218032279888075, 0.06587439021644016, 0.015838151050785298,
        0.9977022189435606]
      dt: d
      rows: 3
    t: !!opencv-matrix
      cols: 1
      data: [-1.0, -0.06779383943195119, -0.09692629417212464]
      dt: d
      rows: 3
  - K1: !!opencv-matrix
      cols: 3
      data: [436.0076934276864, 0.0, 640.0, 0.0, 436.0076934276864, 360.0, 0.0, 0.0,
        1.0]
      dt: d
      rows: 3
    K2: !!opencv-matrix
      cols: 3
      data: [436.0076934276864, 0.0, 640.0, 0.0, 436.0076934276864, 360.0, 0.0, 0.0,
        1.0]
      dt: d
      rows: 3
    R: !!opencv-matrix
      cols: 3
      data: [0.9978141858063709, -0.006263582349344483, -0.06578463452602049, 0.005235963825436674,
        0.9998617507821334, -0.015781761806144677, 0.06587439021644016, 0.015402819840540519,
        0.9977090346662056]
      dt: d
      rows: 3
    t: !!opencv-matrix
      cols: 1
      data: [-1.0, -0.06779383943195119, -0.09692629417212464]
      dt: d
      rows: 3
  - K1: !!opencv-matrix
      cols: 3
      data: [436.0076934276864, 0.0, 640.0, 0.0, 436.0076934276864, 360.0, 0.0, 0.0,
        1.0]
      dt: d
      rows: 3
    K2: !!opencv-matrix
      cols: 3
      data: [436.0076934276864, 0.0, 640.0, 0.0, 436.0076934276864, 360.0, 0.0, 0.0,
        1.0]
      dt: d
      rows: 3
    R: !!opencv-matrix
      cols: 3
      data: [0.9978141858063709, -0.006234877792296751, -0.0657873612670719, 0.005235963825436674,
        0.9998685416947575, -0.015345488327776614, 0.06587439021644016, 0.014967485697816267,
        0.9977156604391343]
      dt: d
      rows: 3
    t: !!opencv-matrix
      cols: 1
      data: [-1.0, -0.06779383943195119, -0.09692629417212464]
      dt: d
      rows: 3
  - K1: !!opencv-matrix
      cols: 3
      data: [436.0076934276864, 0.0, 640.0, 0.0, 436.0076934276864, 360.0, 0.0, 0.0,
        1.0]
      dt: d
      rows: 3
    K2: !!opencv-matrix
      cols: 3
      data: [436.0076934276864, 0.0, 640.0, 0.0, 436.0076934276864, 360.0, 0.0, 0.0,
        1.0]
      dt: d
      rows: 3
    R: !!opencv-matrix
      cols: 3
      data: [0.9978141858063709, -0.0062061720482163, -0.0657900754831384, 0.005235963825436674,
        0.9998751422465254, -0.01490921192784419, 0.06587439021644016, 0.014532148705494023,
        0.9977220962610849]
      dt: d
      rows: 3
    t: !!opencv-matrix
      cols: 1
      data: [-1.0, -0.06779383943195119, -0.09692629417212464]
      dt: d
      rows: 3
  - K1: !!opencv-matrix
      cols: 3
      data: [436.0076934276864, 0.0, 640.0, 0.0, 436.0076934276864, 360.0, 0.0, 0.0,
        1.0]
      dt: d
      rows: 3
    K2: !!opencv-matrix
      cols: 3
      data: [436.0076934276864, 0.0, 640.0, 0.0, 436.0076934276864, 360.0, 0.0, 0.0,
        1.0]
      dt: d
      rows: 3
    R: !!opencv-matrix
      cols: 3
      data: [0.9978141858063709, -0.006177465122568297, -0.0657927771737032, 0.005235963825436674,
        0.9998815524361806, -0.014472932689408274, 0.06587439021644016, 0.014096808946455801,
        0.9977283421308324]
      dt: d
      rows: 3
    t: !!opencv-matrix
      cols: 1
      data: [-1.0, -0.06779383943195119, -0.09692629417212464]
      dt: d
      rows: 3
  - K1: !!opencv-matrix
      cols: 3
      data: [436.0076934276864, 0.0, 640.0, 0.0, 436.0076934276864, 360.0, 0.0, 0.0,
        1.0]
      dt: d
      rows: 3
    K2: !!opencv-matrix
      cols: 3
      data: [436.0076934276864, 0.0, 640.0, 0.0, 436.0076934276864, 360.0, 0.0, 0.0,
        1.0]
      dt: d
      rows: 3
    R: !!opencv-matrix
      cols: 3
      data: [0.9978141858063709, -0.006148757020818137, -0.06579546633825196, 0.005235963825436674,
        0.9998877722625027, -0.014036650695530275, 0.06587439021644016, 0.013661466503584147,
        0.9977343980471876]
      dt: d
      rows: 3
    t: !!opencv-matrix
      cols: 1
      data: [-1.0, -0.06779383943195119, -0.09692629417212464]
      dt: d
      rows: 3
  - K1: !!opencv-matrix
      cols: 3
      data: [436.0076934276864, 0.0, 640.0, 0.0, 436.0076934276864, 360.0, 0.0, 0.0,
        1.0]
      dt: d
      rows: 3
    K2: !!opencv-matrix
      cols: 3
      data: [436.0076934276864, 0.0, 640.0, 0.0, 436.0076934276864, 360.0, 0.0, 0.0,
        1.0]
      dt: d
      rows: 3
    R: !!opencv-matrix
      cols: 3
      data: [0.9978141858063709, -0.006120047748431436, -0.06579814297627272, 0.005235963825436674,
        0.9998938017243074, -0.013600366029272127, 0.06587439021644016, 0.01322612145976212,
        0.9977402640089973]
      dt: d
      rows: 3
    t: !!opencv-matrix
      cols: 1
      data: [-1.0, -0.06779383943195119, -0.09692629417212464]
      dt: d
      rows: 3
  - K1: !!opencv-matrix
      cols: 3
      data: [436.0076934276864, 0.0, 640.0, 0.0, 436.0076934276864, 360.0, 0.0, 0.0,
        1.0]
      dt: d
      rows: 3
    K2: !!opencv-matrix
      cols: 3
      data: [436.0076934276864, 0.0, 640.0, 0.0, 436.0076934276864, 360.0, 0.0, 0.0,
        1.0]
      dt: d
      rows: 3
    R: !!opencv-matrix
      cols: 3
      data: [0.9978141858063709, -0.006091337310874035, -0.06580080708725586, 0.005235963825436674,
        0.9998996408204469, -0.013164078773696273, 0.06587439021644016, 0.012790773897873267,
        0.9977459400151452]
      dt: d
      rows: 3
    t: !!opencv-matrix
      cols: 1
      data: [-1.0, -0.06779383943195119, -0.09692629417212464]
      dt: d
      rows: 3
  - K1: !!opencv-matrix
      cols: 3
      data: [436.0076934276864, 0.0, 640.0, 0.0, 436.0076934276864, 360.0, 0.0, 0.0,
        1.0]
      dt: d
      rows: 3
    K2: !!opencv-matrix
      cols: 3
      data: [436.0076934276864, 0.0, 640.0, 0.0, 436.0076934276864, 360.0, 0.0, 0.0,
        1.0]
      dt: d
      rows: 3
    R: !!opencv-matrix
      cols: 3
      data: [0.9978141858063709, -0.006062625713611996, -0.06580345867069419, 0.005235963825436674,
        0.9999052895498094, -0.012727789011865644, 0.06587439021644016, 0.01235542390080162,
        0.9977514260645503]
      dt: d
      rows: 3
    t: !!opencv-matrix
      cols: 1
      data: [-1.0, -0.06779383943195119, -0.09692629417212464]
      dt: d
      rows: 3
  - K1: !!opencv-matrix
      cols: 3
      data: [436.0076934276864, 0.0, 640.0, 0.0, 436.0076934276864, 360.0, 0.0, 0.0,
        1.0]
      dt: d
      rows: 3
    K2: !!opencv-matrix
      cols: 3
      data: [436.0076934276864, 0.0, 640.0, 0.0, 436.0076934276864, 360.0, 0.0, 0.0,
        1.0]
      dt: d
      rows: 3
    R: !!opencv-matrix
      cols: 3
      data: [0.9978141858063709, -0.006033912962111602, -0.06580609772608287, 0.005235963825436674,
        0.9999107479113196, -0.012291496826843653, 0.06587439021644016, 0.011920071551431672,
        0.9977567221561682]
      dt: d
      rows: 3
    t: !!opencv-matrix
      cols: 1
      data: [-1.0, -0.06779383943195119, -0.09692629417212464]
      dt: d
      rows: 3
  - K1: !!opencv-matrix
      cols: 3
      data: [436.0076934276864, 0.0, 640.0, 0.0, 436.0076934276864, 360.0, 0.0, 0.0,
        1.0]
      dt: d
      rows: 3
    K2: !!opencv-matrix
      cols: 3
      data: [436.0076934276864, 0.0, 640.0, 0.0, 436.0076934276864, 360.0, 0.0, 0.0,
        1.0]
      dt: d
      rows: 3
    R: !!opencv-matrix
      cols: 3
      data: [0.9978141858063709, -0.006005199061839354, -0.06580872425291946, 0.005235963825436674,
        0.9999160159039382, -0.011855202301694174, 0.06587439021644016, 0.011484716932648364,
        0.9977618282889906]
      dt: d
      rows: 3
    t: !!opencv-matrix
      cols: 1
      data: [-1.0, -0.06779383943195119, -0.09692629417212464]
      dt: d
      rows: 3
  - K1: !!opencv-matrix
      cols: 3
      data: [436.0076934276864, 0.0, 640.0, 0.0, 436.0076934276864, 360.0, 0.0, 0.0,
        1.0]
      dt: d
      rows: 3
    K2: !!opencv-matrix
      cols: 3
      data: [436.0076934276864, 0.0, 640.0, 0.0, 436.0076934276864, 360.0, 0.0, 0.0,
        1.0]
      dt: d
      rows: 3
    R: !!opencv-matrix
      cols: 3
      data: [0.9978141858063709, -0.005976484018261977, -0.06581133825070394, 0.005235963825436674,
        0.9999210935266623, -0.011418905519481527, 0.06587439021644016, 0.011049360127337073,
        0.9977667444620454]
      dt: d
      rows: 3
    t: !!opencv-matrix
      cols: 1
      data: [-1.0, -0.06779383943195119, -0.09692629417212464]
      dt: d
      rows: 3
  - K1: !!opencv-matrix
      cols: 3
      data: [436.0076934276864, 0.0, 640.0, 0.0, 436.0076934276864, 360.0, 0.0, 0.0,
        1.0]
      dt: d
      rows: 3
    K2: !!opencv-matrix
      cols: 3
      data: [436.0076934276864, 0.0, 640.0, 0.0, 436.0076934276864, 360.0, 0.0, 0.0,
        1.0]
      dt: d
      rows: 3
    R: !!opencv-matrix
      cols: 3
      data: [0.9978141858063709, -0.005947767836846404, -0.0658139397189386, 0.005235963825436674,
        0.999925980778525, -0.010982606563270459, 0.06587439021644016, 0.010614001218383585,
        0.9977714706743966]
      dt: d
      rows: 3
    t: !!opencv-matrix
      cols: 1
      data: [-1.0, -0.06779383943195119, -0.09692629417212464]
      dt: d
      rows: 3
  - K1: !!opencv-matrix
      cols: 3
      data: [436.0076934276864, 0.0, 640.0, 0.0, 436.0076934276864, 360.0, 0.0, 0.0,
        1.0]
      dt: d
      rows: 3
    K2: !!opencv-matrix
      cols: 3
      data: [436.0076934276864, 0.0, 640.0, 0.0, 436.0076934276864, 360.0, 0.0, 0.0,
        1.0]
      dt: d
      rows: 3
    R: !!opencv-matrix
      cols: 3
      data: [0.9978141858063709, -0.005919050523059796, -0.06581652865712817, 0.005235963825436674,
        0.9999306776585962, -0.010546305516126132, 0.06587439021644016, 0.010178640288674094,
        0.9977760069251446]
      dt: d
      rows: 3
    t: !!opencv-matrix
      cols: 1
      data: [-1.0, -0.06779383943195119, -0.09692629417212464]
      dt: d
      rows: 3
  - K1: !!opencv-matrix
      cols: 3
      data: [436.0076934276864, 0.0, 640.0, 0.0, 436.0076934276864, 360.0, 0.0, 0.0,
        1.0]
      dt: d
      rows: 3
    K2: !!opencv-matrix
      cols: 3
      data: [436.0076934276864, 0.0, 640.0, 0.0, 436.0076934276864, 360.0, 0.0, 0.0,
        1.0]
      dt: d
      rows: 3
    R: !!opencv-matrix
      cols: 3
      data: [0.9978141858063709, -0.0058903320823695225, -0.06581910506477975, 0.005235963825436674,
        0.9999351841659814, -0.010110002461114109, 0.06587439021644016, 0.009743277421095176,
        0.9977803532134252]
      dt: d
      rows: 3
    t: !!opencv-matrix
      cols: 1
      data: [-1.0, -0.06779383943195119, -0.09692629417212464]
      dt: d
      rows: 3
  - K1: !!opencv-matrix
      cols: 3
      data: [436.0076934276864, 0.0, 640.0, 0.0, 436.0076934276864, 360.0, 0.0, 0.0,
        1.0]
      dt: d
      rows: 3
    K2: !!opencv-matrix
      cols: 3
      data: [436.0076934276864, 0.0, 640.0, 0.0, 436.0076934276864, 360.0, 0.0, 0.0,
        1.0]
      dt: d
      rows: 3
    R: !!opencv-matrix
      cols: 3
      data: [0.9978141858063709, -0.005861612520243169, -0.06582166894140286, 0.005235963825436674,
        0.9999395002998227, -0.00967369748130033, 0.06587439021644016, 0.009307912698533776,
        0.9977845095384116]
      dt: d
      rows: 3
    t: !!opencv-matrix
      cols: 1
      data: [-1.0, -0.06779383943195119, -0.09692629417212464]
      dt: d
      rows: 3
  - K1: !!opencv-matrix
      cols: 3
      data: [436.0076934276864, 0.0, 640.0, 0.0, 436.0076934276864, 360.0, 0.0, 0.0,
        1.0]
      dt: d
      rows: 3
    K2: !!opencv-matrix
      cols: 3
      data: [436.0076934276864, 0.0, 640.0, 0.0, 436.0076934276864, 360.0, 0.0, 0.0,
        1.0]
      dt: d
      rows: 3
    R: !!opencv-matrix
      cols: 3
      data: [0.9978141858063709, -0.005832891842148535, -0.06582422028650932, 0.005235963825436674,
        0.9999436260592984, -0.009237390659751106, 0.06587439021644016, 0.008872546203877186,
        0.9977884758993122]
      dt: d
      rows: 3
    t: !!opencv-matrix
      cols: 1
      data: [-1.0, -0.06779383943195119, -0.09692629417212464]
      dt: d
      rows: 3
  - K1: !!opencv-matrix
      cols: 3
      data: [436.0076934276864, 0.0, 640.0, 0.0, 436.0076934276864, 360.0, 0.0, 0.0,
        1.0]
      dt: d
      rows: 3
    K2: !!opencv-matrix
      cols: 3
      data: [436.0076934276864, 0.0, 640.0, 0.0, 436.0076934276864, 360.0, 0.0, 0.0,
        1.0]
      dt: d
      rows: 3
    R: !!opencv-matrix
      cols: 3
      data: [0.9978141858063709, -0.005804170053553631, -0.06582675909961341, 0.005235963825436674,
        0.999947561443623, -0.008801082079533094, 0.06587439021644016, 0.008437178020013045,
        0.9977922522953718]
      dt: d
      rows: 3
    t: !!opencv-matrix
      cols: 1
      data: [-1.0, -0.06779383943195119, -0.09692629417212464]
      dt: d
      rows: 3
  - K1: !!opencv-matrix
      cols: 3
      data: [436.0076934276864, 0.0, 640.0, 0.0, 436.0076934276864, 360.0, 0.0, 0.0,
        1.0]
      dt: d
      rows: 3
    K2: !!opencv-matrix
      cols: 3
      data: [436.0076934276864, 0.0, 640.0, 0.0, 436.0076934276864, 360.0, 0.0, 0.0,
        1.0]
      dt: d
      rows: 3
    R: !!opencv-matrix
      cols: 3
      data: [0.9978141858063709, -0.005775447159926682, -0.0658292853802318, 0.005235963825436674,
        0.9999513064520471, -0.008364771823713292, 0.06587439021644016, 0.00800180822982931,
        0.9977958387258714]
      dt: d
      rows: 3
    t: !!opencv-matrix
      cols: 1
      data: [-1.0, -0.06779383943195119, -0.09692629417212464]
      dt: d
      rows: 3
  - K1: !!opencv-matrix
      cols: 3
      data: [436.0076934276864, 0.0, 640.0, 0.0, 436.0076934276864, 360.0, 0.0, 0.0,
        1.0]
      dt: d
      rows: 3
    K2: !!opencv-matrix
      cols: 3
      data: [436.0076934276864, 0.0, 640.0, 0.0, 436.0076934276864, 360.0, 0.0, 0.0,
        1.0]
      dt: d
      rows: 3
    R: !!opencv-matrix
      cols: 3
      data: [0.9978141858063709, -0.005746723166736119, -0.06583179912788352, 0.005235963825436674,
        0.9999548610838581, -0.007928459975359013, 0.06587439021644016, 0.007566436916214242,
        0.9977992351901284]
      dt: d
      rows: 3
    t: !!opencv-matrix
      cols: 1
      data: [-1.0, -0.06779383943195119, -0.09692629417212464]
      dt: d
      rows: 3
  - K1: !!opencv-matrix
      cols: 3
      data: [436.0076934276864, 0.0, 640.0, 0.0, 436.0076934276864, 360.0, 0.0, 0.0,
        1.0]
      dt: d
      rows: 3
    K2: !!opencv-matrix
      cols: 3
      data: [436.0076934276864, 0.0, 640.0, 0.0, 436.0076934276864, 360.0, 0.0, 0.0,
        1.0]
      dt: d
      rows: 3
    R: !!opencv-matrix
      cols: 3
      data: [0.9978141858063709, -0.005717998079450588, -0.06583430034208997, 0.005235963825436674,
        0.999958225338379, -0.007492146617537875, 0.06587439021644016, 0.007131064162056394,
        0.997802441687496]
      dt: d
      rows: 3
    t: !!opencv-matrix
      cols: 1
      data: [-1.0, -0.06779383943195119, -0.09692629417212464]
      dt: d
      rows: 3
  - K1: !!opencv-matrix
      cols: 3
      data: [436.0076934276864, 0.0, 640.0, 0.0, 436.0076934276864, 360.0, 0.0, 0.0,
        1.0]
      dt: d
      rows: 3
    K2: !!opencv-matrix
      cols: 3
      data: [436.0076934276864, 0.0, 640.0, 0.0, 436.0076934276864, 360.0, 0.0, 0.0,
