%YAML:1.0
---
# This file contains user specific parameters used to generate multiple consecutive stereo frames with correspondences.
#
#
# Number of total frames. Max. 10000
nrTotalFrames: 50
# ---- Options for stereo extrinsics ----
#
#
# Number of different stereo configurations (max. 1000).
# The number of frames per camera configuration is controlled by the smallest number of the change rates (e.g. txChangeFRate) for tx, ty, tz, roll, pitch, and yaw.
nrStereoConfigs: 50
# Specifies after how many frames the x-component for the translation vector between the stereo cameras shall be changed linearly by a given value.
# Set this value to 0, if you do not want to change the x-component linearly.
txChangeFRate: 1
# Specifies after how many frames the y-component for the translation vector between the stereo cameras shall be changed linearly by a given value.
# Set this value to 0, if you do not want to change the y-component linearly.
tyChangeFRate: 1
# Specifies after how many frames the z-component for the translation vector between the stereo cameras shall be changed linearly by a given value.
# Set this value to 0, if you do not want to change the z-component linearly.
tzChangeFRate: 1
# Specifies after how many frames the roll angle (angle about x-axis) between the stereo cameras shall be changed linearly by a given value.
# Set this value to 0, if you do not want to change the roll linearly.
rollChangeFRate: 1
# Specifies after how many frames the pitch angle (angle about y-axis) between the stereo cameras shall be changed linearly by a given value.
# Set this value to 0, if you do not want to change the pitch linearly.
pitchChangeFRate: 1
# Specifies after how many frames the yaw angle (angle about z-axis) between the stereo cameras shall be changed linearly by a given value.
# Set this value to 0, if you do not want to change the yaw linearly.
yawChangeFRate: 1
# Linear change rate for tx (x-component of the translation vector between the stereo cameras).
txLinChangeVal: -1.0000000000000000e-02
# Linear change rate for ty (y-component of the translation vector between the stereo cameras).
tyLinChangeVal: 1.0000000000000000e-03
# Linear change rate for tz (z-component of the translation vector between the stereo cameras).
tzLinChangeVal: 5.0000000000000001e-04
# Linear change rate for the roll angle (angle in degrees about x-axis) between the stereo cameras.
rollLinChangeVal: 5.0000000000000000e-01
# Linear change rate for the pitch angle (angle in degrees about y-axis) between the stereo cameras.
pitchLinChangeVal: 1.0000000000000001e-01
# Linear change rate for the yaw angle (angle in degrees about z-axis) between the stereo cameras.
yawLinChangeVal: 0
# Start value for tx (x-component (right) of the translation vector between the stereo cameras).
# Only used if the specified range is 0.
txStartVal: -1.
# Start value for ty (y-component (down) of the translation vector between the stereo cameras).
# Only used if the specified range is 0.
tyStartVal: 1.0000000000000001e-01
# Start value for tz (z-component (forward) of the translation vector between the stereo cameras).
# Only used if the specified range is 0.
tzStartVal: 1.0000000000000000e-02
# Start value for the roll angle (angle in degrees about x-axis, right handed coordinate system, R = R_y * R_z * R_x) between the stereo cameras.
# Only used if the specified range is 0.
rollStartVal: 2.
# Start value for the pitch angle (angle in degrees about y-axis, right handed coordinate system, R = R_y * R_z * R_x) between the stereo cameras.
# Only used if the specified range is 0.
pitchStartVal: -8.1999999999999993e+00
# Start value for the yaw angle (angle in degrees about z-axis, right handed coordinate system, R = R_y * R_z * R_x) between the stereo cameras.
# Only used if the specified range is 0.
yawStartVal: 2.9999999999999999e-01
# Possible range of the initial tx (x-component (right) of the translation vector between the stereo cameras) to be able to meet a user specific image overlap.
# The optimal tx starting-value is by default only estimated for the first stereo configuration. If specified by txVariable, the range is used for every new configuration.
# If the range (difference between both values) is 0, tx will be kept fixed at the given start value for tx.
txRange:
   first: 0
   second: 0
# Possible range of the initial ty (y-component (down) of the translation vector between the stereo cameras) to be able to meet a user specific image overlap.
# The optimal ty starting-value is by default only estimated for the first stereo configuration. If specified by tyVariable, the range is used for every new configuration.
# If the range (difference between both values) is 0, ty will be kept fixed at the given start value for ty.
tyRange:
   first: -1.5000000000000001e-01
   second: 1.5000000000000001e-01
# Possible range of the initial tz (z-component (forward) of the translation vector between the stereo cameras) to be able to meet a user specific image overlap.
# The optimal tz starting-value is by default only estimated for the first stereo configuration. If specified by tzVariable, the range is used for every new configuration.
# If the range (difference between both values) is 0, tz will be kept fixed at the given start value for tz.
tzRange:
   first: -2.0000000000000001e-02
   second: 2.0000000000000001e-02
# Possible range for the initial roll angle (angle in degrees about x-axis between the stereo cameras, right handed coordinate system, R = R_y * R_z * R_x)
# to be able to meet a user specific image overlap. The optimal roll starting-value is by default only estimated for the
# first stereo configuration. If specified by rollVariable, the range is used for every new configuration.
# If the range (difference between both values) is 0, the roll angle will be kept fixed at the given start value for roll.
rollRange:
   first: -8.
   second: 8.
# Possible range for the initial pitch angle (angle in degrees about y-axis between the stereo cameras, right handed coordinate system, R = R_y * R_z * R_x)
# to be able to meet a user specific image overlap. The optimal pitch starting-value is by default only estimated for the
# first stereo configuration. If specified by pitchVariable, the range is used for every new configuration.
# If the range (difference between both values) is 0, the pitch angle will be kept fixed at the given start value for pitch.
pitchRange:
   first: -15.
   second: 20.
# Possible range for the initial yaw angle (angle in degrees about z-axis between the stereo cameras, right handed coordinate system, R = R_y * R_z * R_x)
# to be able to meet a user specific image overlap. The optimal yaw starting-value is by default only estimated for the
# first stereo configuration. If specified by yawVariable, the range is used for every new configuration.
# If the range (difference between both values) is 0, the yaw angle will be kept fixed at the given start value for yaw.
yawRange:
   first: 0
   second: 0
# Use the specified tx-range for every new stereo configuration (not only for the first) where tx should change (depends on txChangeFRate).
# If this value is 1, an optimal value is selected within the given range for every new changed stereo configuration to meet a
# specific image overlap between the 2 stereo cameras. Otherwise set the value to 0.
txVariable: 0
# Use the specified ty-range for every new stereo configuration (not only for the first) where ty should change (depends on tyChangeFRate).
# If this value is 1, an optimal value is selected within the given range for every new changed stereo configuration to meet a
# specific image overlap between the 2 stereo cameras. Otherwise set the value to 0.
tyVariable: 0
# Use the specified tz-range for every new stereo configuration (not only for the first) where tz should change (depends on tzChangeFRate).
# If this value is 1, an optimal value is selected within the given range for every new changed stereo configuration to meet a
# specific image overlap between the 2 stereo cameras. Otherwise set the value to 0.
tzVariable: 0
# Use the specified roll-range for every new stereo configuration (not only for the first) where the roll angle should change (depends on rollChangeFRate).
# If this value is 1, an optimal value is selected within the given range for every new changed stereo configuration to meet a
# specific image overlap between the 2 stereo cameras. Otherwise set the value to 0.
rollVariable: 0
# Use the specified pitch-range for every new stereo configuration (not only for the first) where the pitch angle should change (depends on pitchChangeFRate).
# If this value is 1, an optimal value is selected within the given range for every new changed stereo configuration to meet a
# specific image overlap between the 2 stereo cameras. Otherwise set the value to 0.
pitchVariable: 0
# Use the specified yaw-range for every new stereo configuration (not only for the first) where the yaw angle should change (depends on yawChangeFRate).
# If this value is 1, an optimal value is selected within the given range for every new changed stereo configuration to meet a
# specific image overlap between the 2 stereo cameras. Otherwise set the value to 0.
yawVariable: 0
# Set this variable to 1 if you want to use your own extrinsic and intrinsic camera parameters (set them in specificCamPars).
# Otherwise, set this value to 0.
useSpecificCamPars: 1
# Input for specific extrinsic and intrinsic stereo camera parameters. The translation vectors must include the scale factor.
# Rotation matrices must be generated by R = R_y * R_z * R_x (right handed coordinate system, x-axis: right, y-axis: down, z-axis: forward); x2 = R * x1 + t.
# Every list element specifies a new stereo pair. To use these parameters,useSpecificCamPars must be set to 1.
# Currently there is only support for different extrinsics. The camera matrices stay the same as for the first stereo configuration
# regardless of what is entered for the camera matrices in the subsequent configurations.
# The update frequence (in frames) is calculated by nrTotalFrames devided by the number of entered stereo configurations (here) or nrStereoConfigs (whatever value is smaller; nrStereoConfigs is not allowed to be larger than the number of entries entered here).
specificCamPars:
  - K1: !!opencv-matrix
      cols: 3
      data: [552.8479783246997, 0.0, 640.0, 0.0, 552.8479783246997, 360.0, 0.0, 0.0,
        1.0]
      dt: d
      rows: 3
    K2: !!opencv-matrix
      cols: 3
      data: [552.8479783246997, 0.0, 640.0, 0.0, 552.8479783246997, 360.0, 0.0, 0.0,
        1.0]
      dt: d
      rows: 3
    R: !!opencv-matrix
      cols: 3
      data: [0.9782443202067649, -0.025372323136979815, 0.2058987498792484, 0.03269522524293479,
        0.9989452175670295, -0.032240883149721226, -0.20486354538940885, 0.0382713668242055,
        0.9780420391025576]
      dt: d
      rows: 3
    t: !!opencv-matrix
      cols: 1
      data: [-1.0, 0.1468673507018846, -0.015153095215563905]
      dt: d
      rows: 3
  - K1: !!opencv-matrix
      cols: 3
      data: [552.8479783246997, 0.0, 640.0, 0.0, 552.8479783246997, 360.0, 0.0, 0.0,
        1.0]
      dt: d
      rows: 3
    K2: !!opencv-matrix
      cols: 3
      data: [552.8479783246997, 0.0, 640.0, 0.0, 552.8479783246997, 360.0, 0.0, 0.0,
        1.0]
      dt: d
      rows: 3
    R: !!opencv-matrix
      cols: 3
      data: [0.9902951999600543, -0.09445164796378995, -0.10195245525734103, 0.08254522020333768,
        0.9898971418605272, -0.115281981063571, 0.11181101715688989, 0.1057475046196521,
        0.9880869201183964]
      dt: d
      rows: 3
    t: !!opencv-matrix
      cols: 1
      data: [-0.5685782528320554, -0.44752806417547264, 0.15872343693659224]
      dt: d
      rows: 3
  - K1: !!opencv-matrix
      cols: 3
      data: [552.8479783246997, 0.0, 640.0, 0.0, 552.8479783246997, 360.0, 0.0, 0.0,
        1.0]
      dt: d
      rows: 3
    K2: !!opencv-matrix
      cols: 3
      data: [552.8479783246997, 0.0, 640.0, 0.0, 552.8479783246997, 360.0, 0.0, 0.0,
        1.0]
      dt: d
      rows: 3
    R: !!opencv-matrix
      cols: 3
      data: [0.9963188957686566, -0.013137056832400637, -0.08471172098421267, 6.121127925142581e-05,
        0.9882965734601313, -0.15254467916037806, 0.0857242917002183, 0.15197796098364283,
        0.9846593548977992]
      dt: d
      rows: 3
    t: !!opencv-matrix
      cols: 1
      data: [-0.5625008293898768, 0.4374990070065078, 0.16367001093681327]
      dt: d
      rows: 3
  - K1: !!opencv-matrix
      cols: 3
      data: [552.8479783246997, 0.0, 640.0, 0.0, 552.8479783246997, 360.0, 0.0, 0.0,
        1.0]
      dt: d
      rows: 3
    K2: !!opencv-matrix
      cols: 3
      data: [552.8479783246997, 0.0, 640.0, 0.0, 552.8479783246997, 360.0, 0.0, 0.0,
        1.0]
      dt: d
      rows: 3
    R: !!opencv-matrix
      cols: 3
      data: [0.990748732979503, -0.0744299041398377, -0.11347747560306365, 0.0614387639184268,
        0.9915826374677376, -0.11396995814994867, 0.12100506761158869, 0.10594367580115298,
        0.9869821230245536]
      dt: d
      rows: 3
    t: !!opencv-matrix
      cols: 1
      data: [-0.5704886190013062, 0.3434991595576661, -0.2141614261358869]
      dt: d
      rows: 3
  - K1: !!opencv-matrix
      cols: 3
      data: [552.8479783246997, 0.0, 640.0, 0.0, 552.8479783246997, 360.0, 0.0, 0.0,
        1.0]
      dt: d
      rows: 3
    K2: !!opencv-matrix
      cols: 3
      data: [552.8479783246997, 0.0, 640.0, 0.0, 552.8479783246997, 360.0, 0.0, 0.0,
        1.0]
      dt: d
      rows: 3
    R: !!opencv-matrix
      cols: 3
      data: [0.9876452760268736, -0.03467389750781025, -0.15282188839763255, 0.024108379253402618,
        0.9972235691841628, -0.07045522772210294, 0.15484054634227654, 0.0659004847874213,
        0.9857390787187085]
      dt: d
      rows: 3
    t: !!opencv-matrix
      cols: 1
      data: [-0.6588652702476757, 0.5000000000000001, -0.15852844722454185]
      dt: d
      rows: 3
  - K1: !!opencv-matrix
      cols: 3
      data: [552.8479783246997, 0.0, 640.0, 0.0, 552.8479783246997, 360.0, 0.0, 0.0,
        1.0]
      dt: d
      rows: 3
    K2: !!opencv-matrix
      cols: 3
      data: [552.8479783246997, 0.0, 640.0, 0.0, 552.8479783246997, 360.0, 0.0, 0.0,
        1.0]
      dt: d
      rows: 3
    R: !!opencv-matrix
      cols: 3
      data: [0.9933200500513336, 0.09429201372715, 0.06651536900066764, -0.08177040503386092,
        0.9819047813838686, -0.17081159549660402, -0.08141792816459009, 0.16423159392387357,
        0.9830560027437957]
      dt: d
      rows: 3
    t: !!opencv-matrix
      cols: 1
      data: [-0.8225102531912707, -0.4485560276386048, 0.09980834449048842]
      dt: d
      rows: 3
  - K1: !!opencv-matrix
      cols: 3
      data: [552.8479783246997, 0.0, 640.0, 0.0, 552.8479783246997, 360.0, 0.0, 0.0,
        1.0]
      dt: d
      rows: 3
    K2: !!opencv-matrix
      cols: 3
      data: [552.8479783246997, 0.0, 640.0, 0.0, 552.8479783246997, 360.0, 0.0, 0.0,
        1.0]
      dt: d
      rows: 3
    R: !!opencv-matrix
      cols: 3
      data: [0.9936661141270651, -0.056775052555108285, -0.09697549712676426, 0.04440623622423818,
        0.9911304978444708, -0.12525343279514764, 0.10322664297561715, 0.12015377501325585,
        0.9873739567813444]
      dt: d
      rows: 3
    t: !!opencv-matrix
      cols: 1
      data: [-0.6069894622361157, -0.43062472487936154, 0.0275805234779245]
      dt: d
      rows: 3
  - K1: !!opencv-matrix
      cols: 3
      data: [552.8479783246997, 0.0, 640.0, 0.0, 552.8479783246997, 360.0, 0.0, 0.0,
        1.0]
      dt: d
      rows: 3
    K2: !!opencv-matrix
      cols: 3
      data: [552.8479783246997, 0.0, 640.0, 0.0, 552.8479783246997, 360.0, 0.0, 0.0,
        1.0]
      dt: d
      rows: 3
    R: !!opencv-matrix
      cols: 3
      data: [0.999060885461662, -0.007896971079030028, 0.042602640626336126, 0.0167609661933937,
        0.9771411450685865, -0.21192982948682687, -0.03995518931032233, 0.21244486452213562,
        0.9763558584785302]
      dt: d
      rows: 3
    t: !!opencv-matrix
      cols: 1
      data: [-0.9184379568079211, 0.463534956739518, -0.016976708025675663]
      dt: d
      rows: 3
  - K1: !!opencv-matrix
      cols: 3
      data: [552.8479783246997, 0.0, 640.0, 0.0, 552.8479783246997, 360.0, 0.0, 0.0,
        1.0]
      dt: d
      rows: 3
    K2: !!opencv-matrix
      cols: 3
      data: [552.8479783246997, 0.0, 640.0, 0.0, 552.8479783246997, 360.0, 0.0, 0.0,
        1.0]
      dt: d
      rows: 3
    R: !!opencv-matrix
      cols: 3
      data: [0.9845259689758367, 0.012072016969196814, 0.17482243225194363, -0.024580322543025678,
        0.997274814574398, 0.0695611382833911, -0.1735062654657486, -0.0727819388440268,
        0.9821396872249046]
      dt: d
      rows: 3
    t: !!opencv-matrix
      cols: 1
      data: [-0.7602971594464545, 0.48848535006395, 0.08600605828999919]
      dt: d
      rows: 3
  - K1: !!opencv-matrix
      cols: 3
      data: [552.8479783246997, 0.0, 640.0, 0.0, 552.8479783246997, 360.0, 0.0, 0.0,
        1.0]
      dt: d
      rows: 3
    K2: !!opencv-matrix
      cols: 3
      data: [552.8479783246997, 0.0, 640.0, 0.0, 552.8479783246997, 360.0, 0.0, 0.0,
        1.0]
      dt: d
      rows: 3
    R: !!opencv-matrix
      cols: 3
      data: [0.9992004898590271, -0.031940248450167415, 0.02404582280608535, 0.026005045741991646,
        0.9760681062882842, 0.21590458420969078, -0.03036640679166698, -0.21510665358315653,
        0.9761183375609839]
      dt: d
      rows: 3
    t: !!opencv-matrix
      cols: 1
      data: [-0.5727849222985145, -0.40029464566464545, -0.03050630134860402]
      dt: d
      rows: 3
  - K1: !!opencv-matrix
      cols: 3
      data: [552.8479783246997, 0.0, 640.0, 0.0, 552.8479783246997, 360.0, 0.0, 0.0,
        1.0]
      dt: d
      rows: 3
    K2: !!opencv-matrix
      cols: 3
      data: [552.8479783246997, 0.0, 640.0, 0.0, 552.8479783246997, 360.0, 0.0, 0.0,
        1.0]
      dt: d
      rows: 3
    R: !!opencv-matrix
      cols: 3
      data: [0.9858635786297839, 0.019492421714374413, 0.1664122886898226, -0.0006202865133572652,
        0.9936274879113202, -0.11271215778113897, -0.16754885728024893, 0.1110155879268673,
        0.9795932419434786]
      dt: d
      rows: 3
    t: !!opencv-matrix
      cols: 1
      data: [-0.651770375316487, 0.5000000000000001, 0.14410993214918033]
      dt: d
      rows: 3
  - K1: !!opencv-matrix
      cols: 3
      data: [552.8479783246997, 0.0, 640.0, 0.0, 552.8479783246997, 360.0, 0.0, 0.0,
        1.0]
      dt: d
      rows: 3
    K2: !!opencv-matrix
      cols: 3
      data: [552.8479783246997, 0.0, 640.0, 0.0, 552.8479783246997, 360.0, 0.0, 0.0,
        1.0]
      dt: d
      rows: 3
    R: !!opencv-matrix
      cols: 3
      data: [0.9867220138943843, -0.008546527784382378, -0.162193169273682, 0.011345280026003438,
        0.999802168847214, 0.0163373128004185, 0.1620214551142596, -0.017960513111766347,
        0.98662377229186]
      dt: d
      rows: 3
    t: !!opencv-matrix
      cols: 1
      data: [-0.5000000000000001, -0.38339728039083787, -0.11193261707216798]
      dt: d
      rows: 3
  - K1: !!opencv-matrix
      cols: 3
      data: [552.8479783246997, 0.0, 640.0, 0.0, 552.8479783246997, 360.0, 0.0, 0.0,
        1.0]
      dt: d
      rows: 3
    K2: !!opencv-matrix
      cols: 3
      data: [552.8479783246997, 0.0, 640.0, 0.0, 552.8479783246997, 360.0, 0.0, 0.0,
        1.0]
      dt: d
      rows: 3
    R: !!opencv-matrix
      cols: 3
      data: [0.9913787393846537, 0.02998226423156667, -0.1275510052004435, -0.044050052738876556,
        0.9930715372972139, -0.10894271276157264, 0.1234009236180882, 0.11362211774868855,
        0.9858307290851234]
      dt: d
      rows: 3
    t: !!opencv-matrix
      cols: 1
      data: [-0.5000000000000001, -0.43736854019022936, -0.07364783838050357]
      dt: d
      rows: 3
  - K1: !!opencv-matrix
      cols: 3
      data: [552.8479783246997, 0.0, 640.0, 0.0, 552.8479783246997, 360.0, 0.0, 0.0,
        1.0]
      dt: d
      rows: 3
    K2: !!opencv-matrix
      cols: 3
      data: [552.8479783246997, 0.0, 640.0, 0.0, 552.8479783246997, 360.0, 0.0, 0.0,
        1.0]
      dt: d
      rows: 3
    R: !!opencv-matrix
      cols: 3
      data: [0.9985738472726029, 0.05292233513489497, 0.00703548058502043, -0.053206586309033084,
        0.9973553951380904, 0.049510352071894796, -0.004396671073863955, -0.049814076653225486,
        0.9987488308131603]
      dt: d
      rows: 3
    t: !!opencv-matrix
      cols: 1
      data: [-0.6562301044706536, 0.3575326030062774, 0.010850888576838247]
      dt: d
      rows: 3
  - K1: !!opencv-matrix
      cols: 3
      data: [552.8479783246997, 0.0, 640.0, 0.0, 552.8479783246997, 360.0, 0.0, 0.0,
        1.0]
      dt: d
      rows: 3
    K2: !!opencv-matrix
      cols: 3
      data: [552.8479783246997, 0.0, 640.0, 0.0, 552.8479783246997, 360.0, 0.0, 0.0,
        1.0]
      dt: d
      rows: 3
    R: !!opencv-matrix
      cols: 3
      data: [0.9782179566618033, -0.03308186006238752, 0.20492735249160576, 0.028645604114196813,
        0.9992874291857117, 0.02457769794639029, -0.205594403205289, -0.01817207765292391,
        0.9784685569625818]
      dt: d
      rows: 3
    t: !!opencv-matrix
      cols: 1
      data: [-1.0, 0.5000000000000001, 0.13326107361870165]
      dt: d
      rows: 3
  - K1: !!opencv-matrix
      cols: 3
      data: [552.8479783246997, 0.0, 640.0, 0.0, 552.8479783246997, 360.0, 0.0, 0.0,
        1.0]
      dt: d
      rows: 3
    K2: !!opencv-matrix
      cols: 3
      data: [552.8479783246997, 0.0, 640.0, 0.0, 552.8479783246997, 360.0, 0.0, 0.0,
        1.0]
      dt: d
      rows: 3
    R: !!opencv-matrix
      cols: 3
      data: [0.9944898102519344, 0.044098029850479614, -0.09510720828821405, -0.05884981909651814,
        0.9856257373299044, -0.15836225783054902, 0.08675664872145887, 0.16308669374350684,
        0.9827899135758531]
      dt: d
      rows: 3
    t: !!opencv-matrix
      cols: 1
      data: [-1.0, 0.23200352701544458, 0.02983126671558578]
      dt: d
      rows: 3
  - K1: !!opencv-matrix
      cols: 3
      data: [552.8479783246997, 0.0, 640.0, 0.0, 552.8479783246997, 360.0, 0.0, 0.0,
        1.0]
      dt: d
      rows: 3
    K2: !!opencv-matrix
      cols: 3
      data: [552.8479783246997, 0.0, 640.0, 0.0, 552.8479783246997, 360.0, 0.0, 0.0,
        1.0]
      dt: d
      rows: 3
    R: !!opencv-matrix
      cols: 3
      data: [0.9865315380255472, -0.0005974899342760899, -0.16357006904298504, -0.0008102706036362474,
        0.999963208539632, -0.008539615253227856, 0.16356915339542885, 0.00855713578849358,
        0.9864947579610345]
      dt: d
      rows: 3
    t: !!opencv-matrix
      cols: 1
      data: [-0.6188913047092833, 0.42517142517756207, -0.2294656091632189]
      dt: d
      rows: 3
  - K1: !!opencv-matrix
      cols: 3
      data: [552.8479783246997, 0.0, 640.0, 0.0, 552.8479783246997, 360.0, 0.0, 0.0,
        1.0]
      dt: d
      rows: 3
    K2: !!opencv-matrix
      cols: 3
      data: [552.8479783246997, 0.0, 640.0, 0.0, 552.8479783246997, 360.0, 0.0, 0.0,
        1.0]
      dt: d
      rows: 3
    R: !!opencv-matrix
      cols: 3
      data: [0.9958267267228291, 0.03001166733446052, 0.08618834125507627, -0.04496476705836156,
        0.9831501512991128, 0.1771833788026378, -0.07941851212332732, -0.18031938283040297,
        0.9803966646759767]
      dt: d
      rows: 3
    t: !!opencv-matrix
      cols: 1
      data: [-0.7223909526081528, 0.2548171616548656, -0.11837044292042889]
      dt: d
      rows: 3
  - K1: !!opencv-matrix
      cols: 3
      data: [552.8479783246997, 0.0, 640.0, 0.0, 552.8479783246997, 360.0, 0.0, 0.0,
        1.0]
      dt: d
      rows: 3
    K2: !!opencv-matrix
      cols: 3
      data: [552.8479783246997, 0.0, 640.0, 0.0, 552.8479783246997, 360.0, 0.0, 0.0,
        1.0]
      dt: d
      rows: 3
    R: !!opencv-matrix
      cols: 3
      data: [0.9830189403974011, -0.05864460342961666, 0.1738809170339107, 0.07748028851657898,
        0.9915973999948163, -0.10359247663275517, -0.16634472552912044, 0.11530571023198825,
        0.9793028262373894]
      dt: d
      rows: 3
    t: !!opencv-matrix
      cols: 1
      data: [-0.6870176104497043, 0.3353036305268685, -0.14701501689863916]
      dt: d
      rows: 3
  - K1: !!opencv-matrix
      cols: 3
      data: [552.8479783246997, 0.0, 640.0, 0.0, 552.8479783246997, 360.0, 0.0, 0.0,
        1.0]
      dt: d
      rows: 3
    K2: !!opencv-matrix
      cols: 3
      data: [552.8479783246997, 0.0, 640.0, 0.0, 552.8479783246997, 360.0, 0.0, 0.0,
        1.0]
      dt: d
      rows: 3
    R: !!opencv-matrix
      cols: 3
      data: [0.9895318477192807, -0.049865896194973704, -0.1354256797876179, 0.03556573849208267,
        0.993726335873174, -0.10603323836226278, 0.13986350701587283, 0.10010675196382984,
        0.9850973746876361]
      dt: d
      rows: 3
    t: !!opencv-matrix
      cols: 1
      data: [-0.5624988927524157, 0.43750128422722323, -0.16895679851468753]
      dt: d
      rows: 3
  - K1: !!opencv-matrix
      cols: 3
      data: [552.8479783246997, 0.0, 640.0, 0.0, 552.8479783246997, 360.0, 0.0, 0.0,
        1.0]
      dt: d
      rows: 3
    K2: !!opencv-matrix
      cols: 3
      data: [552.8479783246997, 0.0, 640.0, 0.0, 552.8479783246997, 360.0, 0.0, 0.0,
        1.0]
      dt: d
      rows: 3
    R: !!opencv-matrix
      cols: 3
      data: [0.9901631839991527, 0.052664268179541306, -0.12962771273833892, -0.0692620898637005,
        0.9894734861570218, -0.1270629100091082, 0.12157150965737261, 0.13479130183132515,
        0.9833878548112356]
      dt: d
      rows: 3
    t: !!opencv-matrix
      cols: 1
      data: [-0.5000000000000001, 0.38447231301253754, -0.1817942771631894]
      dt: d
      rows: 3
  - K1: !!opencv-matrix
      cols: 3
      data: [552.8479783246997, 0.0, 640.0, 0.0, 552.8479783246997, 360.0, 0.0, 0.0,
        1.0]
      dt: d
      rows: 3
    K2: !!opencv-matrix
      cols: 3
      data: [552.8479783246997, 0.0, 640.0, 0.0, 552.8479783246997, 360.0, 0.0, 0.0,
        1.0]
      dt: d
      rows: 3
    R: !!opencv-matrix
      cols: 3
      data: [0.9840726613227957, -0.08777434918427302, 0.15458544841720223, 0.07055371756956498,
        0.9910216871998873, 0.11357019167282718, -0.16316608156778248, -0.10085474269842723,
        0.9814301557935999]
      dt: d
      rows: 3
    t: !!opencv-matrix
      cols: 1
      data: [-0.5611613021409395, -0.40234101077708007, 0.18433977598177936]
      dt: d
      rows: 3
  - K1: !!opencv-matrix
      cols: 3
      data: [552.8479783246997, 0.0, 640.0, 0.0, 552.8479783246997, 360.0, 0.0, 0.0,
        1.0]
      dt: d
      rows: 3
    K2: !!opencv-matrix
      cols: 3
      data: [552.8479783246997, 0.0, 640.0, 0.0, 552.8479783246997, 360.0, 0.0, 0.0,
        1.0]
      dt: d
      rows: 3
    R: !!opencv-matrix
      cols: 3
      data: [0.9870089335381111, 0.06473119324643262, -0.1470484197019936, -0.08094236951309072,
        0.990950530506096, -0.10707650959614433, 0.13878651927895208, 0.11758791906730855,
        0.9833165224666233]
      dt: d
      rows: 3
    t: !!opencv-matrix
      cols: 1
      data: [-0.5814319829739613, 0.43224790805408925, -0.06887406443855171]
      dt: d
      rows: 3
  - K1: !!opencv-matrix
      cols: 3
      data: [552.8479783246997, 0.0, 640.0, 0.0, 552.8479783246997, 360.0, 0.0, 0.0,
        1.0]
      dt: d
      rows: 3
    K2: !!opencv-matrix
      cols: 3
      data: [552.8479783246997, 0.0, 640.0, 0.0, 552.8479783246997, 360.0, 0.0, 0.0,
        1.0]
      dt: d
      rows: 3
    R: !!opencv-matrix
      cols: 3
      data: [0.9838551440013203, 0.05249704191445847, 0.17109388128268316, -0.07107188105453456,
        0.9920018331999436, 0.10431275402040396, -0.1642493328616935, -0.11478860360760036,
        0.9797171699711635]
      dt: d
      rows: 3
    t: !!opencv-matrix
      cols: 1
      data: [-1.0, -0.13446682809778365, -0.19708508809443953]
      dt: d
      rows: 3
  - K1: !!opencv-matrix
      cols: 3
      data: [552.8479783246997, 0.0, 640.0, 0.0, 552.8479783246997, 360.0, 0.0, 0.0,
        1.0]
      dt: d
      rows: 3
    K2: !!opencv-matrix
      cols: 3
      data: [552.8479783246997, 0.0, 640.0, 0.0, 552.8479783246997, 360.0, 0.0, 0.0,
        1.0]
      dt: d
      rows: 3
    R: !!opencv-matrix
      cols: 3
      data: [0.9947535514126823, 0.042680661909065123, -0.09297167875681289, -0.05516864655288135,
        0.9891454224938645, -0.13619013766406673, 0.08614982524288246, 0.14060474479347515,
        0.986310556240874]
      dt: d
      rows: 3
    t: !!opencv-matrix
      cols: 1
      data: [-0.551905199264886, -0.5000000000000001, 0.021889889628962766]
      dt: d
      rows: 3
  - K1: !!opencv-matrix
      cols: 3
      data: [552.8479783246997, 0.0, 640.0, 0.0, 552.8479783246997, 360.0, 0.0, 0.0,
        1.0]
      dt: d
      rows: 3
    K2: !!opencv-matrix
      cols: 3
      data: [552.8479783246997, 0.0, 640.0, 0.0, 552.8479783246997, 360.0, 0.0, 0.0,
        1.0]
      dt: d
      rows: 3
    R: !!opencv-matrix
      cols: 3
      data: [0.9961987697133883, -0.0313221135145075, -0.08128306358963142, 0.04424442370316545,
        0.9857311618076512, 0.16240845917781865, 0.07503627251340866, -0.16538742952934096,
        0.9833699995225453]
      dt: d
      rows: 3
    t: !!opencv-matrix
      cols: 1
      data: [-1.0, 0.13299726678621943, -0.19531378058910442]
      dt: d
      rows: 3
  - K1: !!opencv-matrix
      cols: 3
      data: [552.8479783246997, 0.0, 640.0, 0.0, 552.8479783246997, 360.0, 0.0, 0.0,
        1.0]
      dt: d
      rows: 3
    K2: !!opencv-matrix
      cols: 3
      data: [552.8479783246997, 0.0, 640.0, 0.0, 552.8479783246997, 360.0, 0.0, 0.0,
        1.0]
      dt: d
      rows: 3
    R: !!opencv-matrix
      cols: 3
      data: [0.9954798764900471, 0.008512359207791935, -0.09459046063995116, -0.01950367265206655,
        0.9930704839310109, -0.1158905548269951, 0.09294849249149585, 0.11721157658586992,
        0.9887477049570397]
      dt: d
      rows: 3
    t: !!opencv-matrix
      cols: 1
      data: [-1.0, -0.5000000000000001, -0.24083248088124218]
      dt: d
      rows: 3
  - K1: !!opencv-matrix
      cols: 3
      data: [552.8479783246997, 0.0, 640.0, 0.0, 552.8479783246997, 360.0, 0.0, 0.0,
        1.0]
      dt: d
      rows: 3
    K2: !!opencv-matrix
      cols: 3
      data: [552.8479783246997, 0.0, 640.0, 0.0, 552.8479783246997, 360.0, 0.0, 0.0,
        1.0]
      dt: d
      rows: 3
    R: !!opencv-matrix
      cols: 3
      data: [0.9820562739105855, -0.00854512643113955, 0.18839441522277883, -0.022078099527942565,
        0.9868941959216248, 0.15985119198005399, -0.18729130357304694, -0.16114225662589451,
        0.9689969766389486]
      dt: d
      rows: 3
    t: !!opencv-matrix
      cols: 1
      data: [-0.6025112389340155, -0.42731904872010673, -0.12422107109727948]
      dt: d
      rows: 3
  - K1: !!opencv-matrix
      cols: 3
      data: [552.8479783246997, 0.0, 640.0, 0.0, 552.8479783246997, 360.0, 0.0, 0.0,
        1.0]
      dt: d
      rows: 3
    K2: !!opencv-matrix
      cols: 3
      data: [552.8479783246997, 0.0, 640.0, 0.0, 552.8479783246997, 360.0, 0.0, 0.0,
        1.0]
      dt: d
      rows: 3
    R: !!opencv-matrix
      cols: 3
      data: [0.9847409745989267, 0.08556870290132096, 0.15153616739822073, -0.07293629604863851,
        0.9935300812639667, -0.08705328450047889, -0.15800477734758994, 0.07467244945360654,
        0.9846108447645381]
      dt: d
      rows: 3
    t: !!opencv-matrix
      cols: 1
      data: [-0.5055004042093219, -0.38949243527392385, -0.15958517831000496]
      dt: d
      rows: 3
  - K1: !!opencv-matrix
      cols: 3
      data: [552.8479783246997, 0.0, 640.0, 0.0, 552.8479783246997, 360.0, 0.0, 0.0,
        1.0]
      dt: d
      rows: 3
    K2: !!opencv-matrix
      cols: 3
      data: [552.8479783246997, 0.0, 640.0, 0.0, 552.8479783246997, 360.0, 0.0, 0.0,
        1.0]
      dt: d
      rows: 3
    R: !!opencv-matrix
      cols: 3
      data: [0.9895585285664791, 0.027874873675722087, -0.14141043087024177, -0.013734563807452764,
        0.9948924230938967, 0.10000214111394756, 0.14347571327009984, -0.09701576102838862,
        0.9848871315098592]
      dt: d
      rows: 3
    t: !!opencv-matrix
      cols: 1
      data: [-0.6459514122483453, -0.5000000000000001, -0.021209212636775415]
      dt: d
      rows: 3
  - K1: !!opencv-matrix
      cols: 3
      data: [552.8479783246997, 0.0, 640.0, 0.0, 552.8479783246997, 360.0, 0.0, 0.0,
        1.0]
      dt: d
      rows: 3
    K2: !!opencv-matrix
      cols: 3
      data: [552.8479783246997, 0.0, 640.0, 0.0, 552.8479783246997, 360.0, 0.0, 0.0,
        1.0]
      dt: d
      rows: 3
    R: !!opencv-matrix
      cols: 3
      data: [0.9910109155599969, 0.007052439647770097, -0.13359501613440275, -0.02319471296641735,
        0.9925436053636755, -0.11966284612226938, 0.13175496397230077, 0.12168588474712658,
        0.9837851263980194]
      dt: d
      rows: 3
    t: !!opencv-matrix
      cols: 1
      data: [-0.6556596138982859, 0.38073049324230157, 0.1786488414899267]
      dt: d
      rows: 3
  - K1: !!opencv-matrix
      cols: 3
      data: [552.8479783246997, 0.0, 640.0, 0.0, 552.8479783246997, 360.0, 0.0, 0.0,
        1.0]
      dt: d
      rows: 3
    K2: !!opencv-matrix
      cols: 3
      data: [552.8479783246997, 0.0, 640.0, 0.0, 552.8479783246997, 360.0, 0.0, 0.0,
        1.0]
      dt: d
      rows: 3
    R: !!opencv-matrix
      cols: 3
      data: [0.9894776102437378, -0.054231182009546804, -0.13413812927049948, 0.06757345480623657,
        0.99298773909146, 0.09700091865327967, 0.12793704323569202, -0.1050444139965476,
        0.9862037234041608]
      dt: d
      rows: 3
    t: !!opencv-matrix
      cols: 1
      data: [-1.0, 0.40833168082929805, 0.12596972505406362]
      dt: d
      rows: 3
  - K1: !!opencv-matrix
      cols: 3
      data: [552.8479783246997, 0.0, 640.0, 0.0, 552.8479783246997, 360.0, 0.0, 0.0,
        1.0]
      dt: d
      rows: 3
    K2: !!opencv-matrix
      cols: 3
      data: [552.8479783246997, 0.0, 640.0, 0.0, 552.8479783246997, 360.0, 0.0, 0.0,
        1.0]
      dt: d
      rows: 3
    R: !!opencv-matrix
      cols: 3
      data: [0.9903014910847047, 0.006637391688490003, 0.13877644536081826, 0.0053308515697474725,
        0.9963074129638728, -0.08569201184927533, -0.13883277270497746, 0.08560072373998123,
        0.9866093336869663]
      dt: d
      rows: 3
    t: !!opencv-matrix
      cols: 1
      data: [-1.0, -0.5000000000000001, -0.24335642817137054]
      dt: d
      rows: 3
  - K1: !!opencv-matrix
      cols: 3
      data: [552.8479783246997, 0.0, 640.0, 0.0, 552.8479783246997, 360.0, 0.0, 0.0,
        1.0]
      dt: d
      rows: 3
    K2: !!opencv-matrix
      cols: 3
      data: [552.8479783246997, 0.0, 640.0, 0.0, 552.8479783246997, 360.0, 0.0, 0.0,
        1.0]
      dt: d
      rows: 3
    R: !!opencv-matrix
      cols: 3
      data: [0.9894099228254994, 0.04473292839543807, -0.13808319858551896, -0.030123808438774644,
        0.9938956295494956, 0.1061321521856402, 0.14198788955253636, -0.10084861268049498,
        0.9847177242950572]
      dt: d
      rows: 3
    t: !!opencv-matrix
      cols: 1
      data: [-0.5393529332713755, -0.5000000000000001, -0.08062841611790528]
      dt: d
      rows: 3
  - K1: !!opencv-matrix
      cols: 3
      data: [552.8479783246997, 0.0, 640.0, 0.0, 552.8479783246997, 360.0, 0.0, 0.0,
        1.0]
      dt: d
      rows: 3
    K2: !!opencv-matrix
      cols: 3
      data: [552.8479783246997, 0.0, 640.0, 0.0, 552.8479783246997, 360.0, 0.0, 0.0,
        1.0]
      dt: d
      rows: 3
    R: !!opencv-matrix
      cols: 3
      data: [0.9897916494326, -0.0003350771340435635, 0.14252150166486233, -0.020699196792739252,
        0.9890564523919114, 0.1460783256820188, -0.14101075833293206, -0.14753718753331563,
        0.9789528815674076]
      dt: d
      rows: 3
    t: !!opencv-matrix
      cols: 1
      data: [-0.6415372054764943, -0.4150380332083583, -0.22718614941166893]
      dt: d
      rows: 3
  - K1: !!opencv-matrix
      cols: 3
      data: [552.8479783246997, 0.0, 640.0, 0.0, 552.8479783246997, 360.0, 0.0, 0.0,
        1.0]
      dt: d
      rows: 3
    K2: !!opencv-matrix
      cols: 3
      data: [552.8479783246997, 0.0, 640.0, 0.0, 552.8479783246997, 360.0, 0.0, 0.0,
        1.0]
      dt: d
      rows: 3
    R: !!opencv-matrix
      cols: 3
      data: [0.9888038540164759, 0.024594376908473808, 0.14718034823524406, -0.04490870264013445,
        0.9896440055682557, 0.13633763482618466, -0.14230301019073263, -0.1414208572569903,
        0.9796683083693961]
      dt: d
      rows: 3
    t: !!opencv-matrix
      cols: 1
      data: [-1.0, -0.239099584490065, -0.167041193246663]
      dt: d
      rows: 3
  - K1: !!opencv-matrix
      cols: 3
      data: [552.8479783246997, 0.0, 640.0, 0.0, 552.8479783246997, 360.0, 0.0, 0.0,
        1.0]
      dt: d
      rows: 3
    K2: !!opencv-matrix
      cols: 3
      data: [552.8479783246997, 0.0, 640.0, 0.0, 552.8479783246997, 360.0, 0.0, 0.0,
        1.0]
      dt: d
      rows: 3
    R: !!opencv-matrix
      cols: 3
      data: [0.9849260977103653, 0.0623551936272056, 0.16134562862608215, -0.07869006223807078,
        0.9921772741602114, 0.09691300606720055, -0.15404043674957713, -0.10814844644157584,
        0.9821280249429161]
      dt: d
      rows: 3
    t: !!opencv-matrix
      cols: 1
      data: [-1.0, 0.5000000000000001, -0.22286373657217837]
      dt: d
      rows: 3
  - K1: !!opencv-matrix
      cols: 3
      data: [552.8479783246997, 0.0, 640.0, 0.0, 552.8479783246997, 360.0, 0.0, 0.0,
        1.0]
      dt: d
      rows: 3
    K2: !!opencv-matrix
      cols: 3
      data: [552.8479783246997, 0.0, 640.0, 0.0, 552.8479783246997, 360.0, 0.0, 0.0,
        1.0]
      dt: d
      rows: 3
    R: !!opencv-matrix
      cols: 3
      data: [0.9957845947595748, -0.018167524742175464, 0.0899054052004214, 0.03549719901771064,
        0.9801401115686967, -0.19510333302124794, -0.08457534925382548, 0.19747228346997303,
        0.9766533200474712]
      dt: d
      rows: 3
    t: !!opencv-matrix
      cols: 1
      data: [-0.7204514739121983, 0.5000000000000001, -0.18135143858128705]
      dt: d
      rows: 3
  - K1: !!opencv-matrix
      cols: 3
      data: [552.8479783246997, 0.0, 640.0, 0.0, 552.8479783246997, 360.0, 0.0, 0.0,
        1.0]
      dt: d
      rows: 3
    K2: !!opencv-matrix
      cols: 3
      data: [552.8479783246997, 0.0, 640.0, 0.0, 552.8479783246997, 360.0, 0.0, 0.0,
        1.0]
      dt: d
      rows: 3
    R: !!opencv-matrix
      cols: 3
      data: [0.990013579887952, -0.05399164295279934, 0.13022294010157728, 0.03441319228076829,
        0.9883644116548203, 0.148160460215497, -0.13670714624513386, -0.14219948053870815,
        0.9803522142067275]
      dt: d
      rows: 3
    t: !!opencv-matrix
      cols: 1
      data: [-0.7256538755311113, -0.23478466960461894, -0.056708868055404815]
      dt: d
      rows: 3
  - K1: !!opencv-matrix
      cols: 3
      data: [552.8479783246997, 0.0, 640.0, 0.0, 552.8479783246997, 360.0, 0.0, 0.0,
        1.0]
      dt: d
      rows: 3
    K2: !!opencv-matrix
      cols: 3
      data: [552.8479783246997, 0.0, 640.0, 0.0, 552.8479783246997, 360.0, 0.0, 0.0,
        1.0]
      dt: d
      rows: 3
    R: !!opencv-matrix
      cols: 3
      data: [0.991116535137435, -0.0013856364222711462, -0.13298907394545872, 0.017424657741961894,
        0.992679310873141, 0.11951638827793243, 0.13184989601717895, -0.12077195773908483,
        0.9838850233356171]
      dt: d
      rows: 3
    t: !!opencv-matrix
      cols: 1
      data: [-0.5000000000000001, -0.392119718540481, -0.2417944778869693]
      dt: d
      rows: 3
  - K1: !!opencv-matrix
      cols: 3
