%YAML:1.0
---
# This file contains user specific parameters used to generate multiple consecutive stereo frames with correspondences.
#
#
# Number of total frames. Max. 10000
nrTotalFrames: 150
# ---- Options for stereo extrinsics ----
#
#
# Number of different stereo configurations (max. 1000).
# The number of frames per camera configuration is controlled by the smallest number of the change rates (e.g. txChangeFRate) for tx, ty, tz, roll, pitch, and yaw.
nrStereoConfigs: 150
# Specifies after how many frames the x-component for the translation vector between the stereo cameras shall be changed linearly by a given value.
# Set this value to 0, if you do not want to change the x-component linearly.
txChangeFRate: 1
# Specifies after how many frames the y-component for the translation vector between the stereo cameras shall be changed linearly by a given value.
# Set this value to 0, if you do not want to change the y-component linearly.
tyChangeFRate: 1
# Specifies after how many frames the z-component for the translation vector between the stereo cameras shall be changed linearly by a given value.
# Set this value to 0, if you do not want to change the z-component linearly.
tzChangeFRate: 1
# Specifies after how many frames the roll angle (angle about x-axis) between the stereo cameras shall be changed linearly by a given value.
# Set this value to 0, if you do not want to change the roll linearly.
rollChangeFRate: 0
# Specifies after how many frames the pitch angle (angle about y-axis) between the stereo cameras shall be changed linearly by a given value.
# Set this value to 0, if you do not want to change the pitch linearly.
pitchChangeFRate: 0
# Specifies after how many frames the yaw angle (angle about z-axis) between the stereo cameras shall be changed linearly by a given value.
# Set this value to 0, if you do not want to change the yaw linearly.
yawChangeFRate: 0
# Linear change rate for tx (x-component of the translation vector between the stereo cameras).
txLinChangeVal: 0.0006
# Linear change rate for ty (y-component of the translation vector between the stereo cameras).
tyLinChangeVal: 0.0006
# Linear change rate for tz (z-component of the translation vector between the stereo cameras).
tzLinChangeVal: 0.0006
# Linear change rate for the roll angle (angle in degrees about x-axis) between the stereo cameras.
rollLinChangeVal: 5.0000000000000000e-01
# Linear change rate for the pitch angle (angle in degrees about y-axis) between the stereo cameras.
pitchLinChangeVal: 1.0000000000000001e-01
# Linear change rate for the yaw angle (angle in degrees about z-axis) between the stereo cameras.
yawLinChangeVal: 0
# Start value for tx (x-component (right) of the translation vector between the stereo cameras).
# Only used if the specified range is 0.
txStartVal: -1.
# Start value for ty (y-component (down) of the translation vector between the stereo cameras).
# Only used if the specified range is 0.
tyStartVal: 1.0000000000000001e-01
# Start value for tz (z-component (forward) of the translation vector between the stereo cameras).
# Only used if the specified range is 0.
tzStartVal: 1.0000000000000000e-02
# Start value for the roll angle (angle in degrees about x-axis, right handed coordinate system, R = R_y * R_z * R_x) between the stereo cameras.
# Only used if the specified range is 0.
rollStartVal: 2.
# Start value for the pitch angle (angle in degrees about y-axis, right handed coordinate system, R = R_y * R_z * R_x) between the stereo cameras.
# Only used if the specified range is 0.
pitchStartVal: -8.1999999999999993e+00
# Start value for the yaw angle (angle in degrees about z-axis, right handed coordinate system, R = R_y * R_z * R_x) between the stereo cameras.
# Only used if the specified range is 0.
yawStartVal: 2.9999999999999999e-01
# Possible range of the initial tx (x-component (right) of the translation vector between the stereo cameras) to be able to meet a user specific image overlap.
# The optimal tx starting-value is by default only estimated for the first stereo configuration. If specified by txVariable, the range is used for every new configuration.
# If the range (difference between both values) is 0, tx will be kept fixed at the given start value for tx.
txRange:
   first: 0
   second: 0
# Possible range of the initial ty (y-component (down) of the translation vector between the stereo cameras) to be able to meet a user specific image overlap.
# The optimal ty starting-value is by default only estimated for the first stereo configuration. If specified by tyVariable, the range is used for every new configuration.
# If the range (difference between both values) is 0, ty will be kept fixed at the given start value for ty.
tyRange:
   first: -2.0000000000000001e-01
   second: 2.0000000000000001e-01
# Possible range of the initial tz (z-component (forward) of the translation vector between the stereo cameras) to be able to meet a user specific image overlap.
# The optimal tz starting-value is by default only estimated for the first stereo configuration. If specified by tzVariable, the range is used for every new configuration.
# If the range (difference between both values) is 0, tz will be kept fixed at the given start value for tz.
tzRange:
   first: -1.0000000000000001e-01
   second: 1.0000000000000001e-01
# Possible range for the initial roll angle (angle in degrees about x-axis between the stereo cameras, right handed coordinate system, R = R_y * R_z * R_x)
# to be able to meet a user specific image overlap. The optimal roll starting-value is by default only estimated for the
# first stereo configuration. If specified by rollVariable, the range is used for every new configuration.
# If the range (difference between both values) is 0, the roll angle will be kept fixed at the given start value for roll.
rollRange:
   first: -8.
   second: 8.
# Possible range for the initial pitch angle (angle in degrees about y-axis between the stereo cameras, right handed coordinate system, R = R_y * R_z * R_x)
# to be able to meet a user specific image overlap. The optimal pitch starting-value is by default only estimated for the
# first stereo configuration. If specified by pitchVariable, the range is used for every new configuration.
# If the range (difference between both values) is 0, the pitch angle will be kept fixed at the given start value for pitch.
pitchRange:
   first: -20.
   second: 20.
# Possible range for the initial yaw angle (angle in degrees about z-axis between the stereo cameras, right handed coordinate system, R = R_y * R_z * R_x)
# to be able to meet a user specific image overlap. The optimal yaw starting-value is by default only estimated for the
# first stereo configuration. If specified by yawVariable, the range is used for every new configuration.
# If the range (difference between both values) is 0, the yaw angle will be kept fixed at the given start value for yaw.
yawRange:
   first: 0
   second: 0
# Use the specified tx-range for every new stereo configuration (not only for the first) where tx should change (depends on txChangeFRate).
# If this value is 1, an optimal value is selected within the given range for every new changed stereo configuration to meet a
# specific image overlap between the 2 stereo cameras. Otherwise set the value to 0.
txVariable: 0
# Use the specified ty-range for every new stereo configuration (not only for the first) where ty should change (depends on tyChangeFRate).
# If this value is 1, an optimal value is selected within the given range for every new changed stereo configuration to meet a
# specific image overlap between the 2 stereo cameras. Otherwise set the value to 0.
tyVariable: 0
# Use the specified tz-range for every new stereo configuration (not only for the first) where tz should change (depends on tzChangeFRate).
# If this value is 1, an optimal value is selected within the given range for every new changed stereo configuration to meet a
# specific image overlap between the 2 stereo cameras. Otherwise set the value to 0.
tzVariable: 0
# Use the specified roll-range for every new stereo configuration (not only for the first) where the roll angle should change (depends on rollChangeFRate).
# If this value is 1, an optimal value is selected within the given range for every new changed stereo configuration to meet a
# specific image overlap between the 2 stereo cameras. Otherwise set the value to 0.
rollVariable: 0
# Use the specified pitch-range for every new stereo configuration (not only for the first) where the pitch angle should change (depends on pitchChangeFRate).
# If this value is 1, an optimal value is selected within the given range for every new changed stereo configuration to meet a
# specific image overlap between the 2 stereo cameras. Otherwise set the value to 0.
pitchVariable: 0
# Use the specified yaw-range for every new stereo configuration (not only for the first) where the yaw angle should change (depends on yawChangeFRate).
# If this value is 1, an optimal value is selected within the given range for every new changed stereo configuration to meet a
# specific image overlap between the 2 stereo cameras. Otherwise set the value to 0.
yawVariable: 0
# Set this variable to 1 if you want to use your own extrinsic and intrinsic camera parameters (set them in specificCamPars).
# Otherwise, set this value to 0.
useSpecificCamPars: 1
# Input for specific extrinsic and intrinsic stereo camera parameters. The translation vectors must include the scale factor.
# Rotation matrices must be generated by R = R_y * R_z * R_x (right handed coordinate system, x-axis: right, y-axis: down, z-axis: forward); x2 = R * x1 + t.
# Every list element specifies a new stereo pair. To use these parameters,useSpecificCamPars must be set to 1.
# Currently there is only support for different extrinsics. The camera matrices stay the same as for the first stereo configuration
# regardless of what is entered for the camera matrices in the subsequent configurations.
# The update frequence (in frames) is calculated by nrTotalFrames devided by the number of entered stereo configurations (here) or nrStereoConfigs (whatever value is smaller; nrStereoConfigs is not allowed to be larger than the number of entries entered here).
specificCamPars:
  - K1: !!opencv-matrix
      cols: 3
      data: [625.6271203844418, 0.0, 640.0, 0.0, 625.6271203844418, 360.0, 0.0, 0.0,
        1.0]
      dt: d
      rows: 3
    K2: !!opencv-matrix
      cols: 3
      data: [625.6271203844418, 0.0, 640.0, 0.0, 625.6271203844418, 360.0, 0.0, 0.0,
        1.0]
      dt: d
      rows: 3
    R: !!opencv-matrix
      cols: 3
      data: [0.9999728634235193, -0.004729003513550188, 0.005648800079346737, 0.005235963825436674,
        0.9956156643928407, -0.09339182779248499, -0.005182383562253598, 0.09341887037088001,
        0.9956134076835458]
      dt: d
      rows: 3
    t: !!opencv-matrix
      cols: 1
      data: [-1.0, 0.15888872884606903, 0.03747264663660141]
      dt: d
      rows: 3
  - K1: !!opencv-matrix
      cols: 3
      data: [625.6271203844418, 0.0, 640.0, 0.0, 625.6271203844418, 360.0, 0.0, 0.0,
        1.0]
      dt: d
      rows: 3
    K2: !!opencv-matrix
      cols: 3
      data: [625.6271203844418, 0.0, 640.0, 0.0, 625.6271203844418, 360.0, 0.0, 0.0,
        1.0]
      dt: d
      rows: 3
    R: !!opencv-matrix
      cols: 3
      data: [0.9999728634235193, -0.004729003513550188, 0.005648800079346737, 0.005235963825436674,
        0.9956156643928407, -0.09339182779248499, -0.005182383562253598, 0.09341887037088001,
        0.9956134076835458]
      dt: d
      rows: 3
    t: !!opencv-matrix
      cols: 1
      data: [-0.9994, 0.15948872884606902, 0.03807264663660141]
      dt: d
      rows: 3
  - K1: !!opencv-matrix
      cols: 3
      data: [625.6271203844418, 0.0, 640.0, 0.0, 625.6271203844418, 360.0, 0.0, 0.0,
        1.0]
      dt: d
      rows: 3
    K2: !!opencv-matrix
      cols: 3
      data: [625.6271203844418, 0.0, 640.0, 0.0, 625.6271203844418, 360.0, 0.0, 0.0,
        1.0]
      dt: d
      rows: 3
    R: !!opencv-matrix
      cols: 3
      data: [0.9999728634235193, -0.004729003513550188, 0.005648800079346737, 0.005235963825436674,
        0.9956156643928407, -0.09339182779248499, -0.005182383562253598, 0.09341887037088001,
        0.9956134076835458]
      dt: d
      rows: 3
    t: !!opencv-matrix
      cols: 1
      data: [-0.9987999999999999, 0.160088728846069, 0.038672646636601415]
      dt: d
      rows: 3
  - K1: !!opencv-matrix
      cols: 3
      data: [625.6271203844418, 0.0, 640.0, 0.0, 625.6271203844418, 360.0, 0.0, 0.0,
        1.0]
      dt: d
      rows: 3
    K2: !!opencv-matrix
      cols: 3
      data: [625.6271203844418, 0.0, 640.0, 0.0, 625.6271203844418, 360.0, 0.0, 0.0,
        1.0]
      dt: d
      rows: 3
    R: !!opencv-matrix
      cols: 3
      data: [0.9999728634235193, -0.004729003513550188, 0.005648800079346737, 0.005235963825436674,
        0.9956156643928407, -0.09339182779248499, -0.005182383562253598, 0.09341887037088001,
        0.9956134076835458]
      dt: d
      rows: 3
    t: !!opencv-matrix
      cols: 1
      data: [-0.9981999999999999, 0.160688728846069, 0.03927264663660142]
      dt: d
      rows: 3
  - K1: !!opencv-matrix
      cols: 3
      data: [625.6271203844418, 0.0, 640.0, 0.0, 625.6271203844418, 360.0, 0.0, 0.0,
        1.0]
      dt: d
      rows: 3
    K2: !!opencv-matrix
      cols: 3
      data: [625.6271203844418, 0.0, 640.0, 0.0, 625.6271203844418, 360.0, 0.0, 0.0,
        1.0]
      dt: d
      rows: 3
    R: !!opencv-matrix
      cols: 3
      data: [0.9999728634235193, -0.004729003513550188, 0.005648800079346737, 0.005235963825436674,
        0.9956156643928407, -0.09339182779248499, -0.005182383562253598, 0.09341887037088001,
        0.9956134076835458]
      dt: d
      rows: 3
    t: !!opencv-matrix
      cols: 1
      data: [-0.9975999999999998, 0.16128872884606898, 0.03987264663660142]
      dt: d
      rows: 3
  - K1: !!opencv-matrix
      cols: 3
      data: [625.6271203844418, 0.0, 640.0, 0.0, 625.6271203844418, 360.0, 0.0, 0.0,
        1.0]
      dt: d
      rows: 3
    K2: !!opencv-matrix
      cols: 3
      data: [625.6271203844418, 0.0, 640.0, 0.0, 625.6271203844418, 360.0, 0.0, 0.0,
        1.0]
      dt: d
      rows: 3
    R: !!opencv-matrix
      cols: 3
      data: [0.9999728634235193, -0.004729003513550188, 0.005648800079346737, 0.005235963825436674,
        0.9956156643928407, -0.09339182779248499, -0.005182383562253598, 0.09341887037088001,
        0.9956134076835458]
      dt: d
      rows: 3
    t: !!opencv-matrix
      cols: 1
      data: [-0.9969999999999998, 0.16188872884606897, 0.040472646636601425]
      dt: d
      rows: 3
  - K1: !!opencv-matrix
      cols: 3
      data: [625.6271203844418, 0.0, 640.0, 0.0, 625.6271203844418, 360.0, 0.0, 0.0,
        1.0]
      dt: d
      rows: 3
    K2: !!opencv-matrix
      cols: 3
      data: [625.6271203844418, 0.0, 640.0, 0.0, 625.6271203844418, 360.0, 0.0, 0.0,
        1.0]
      dt: d
      rows: 3
    R: !!opencv-matrix
      cols: 3
      data: [0.9999728634235193, -0.004729003513550188, 0.005648800079346737, 0.005235963825436674,
        0.9956156643928407, -0.09339182779248499, -0.005182383562253598, 0.09341887037088001,
        0.9956134076835458]
      dt: d
      rows: 3
    t: !!opencv-matrix
      cols: 1
      data: [-0.9963999999999997, 0.16248872884606896, 0.04107264663660143]
      dt: d
      rows: 3
  - K1: !!opencv-matrix
      cols: 3
      data: [625.6271203844418, 0.0, 640.0, 0.0, 625.6271203844418, 360.0, 0.0, 0.0,
        1.0]
      dt: d
      rows: 3
    K2: !!opencv-matrix
      cols: 3
      data: [625.6271203844418, 0.0, 640.0, 0.0, 625.6271203844418, 360.0, 0.0, 0.0,
        1.0]
      dt: d
      rows: 3
    R: !!opencv-matrix
      cols: 3
      data: [0.9999728634235193, -0.004729003513550188, 0.005648800079346737, 0.005235963825436674,
        0.9956156643928407, -0.09339182779248499, -0.005182383562253598, 0.09341887037088001,
        0.9956134076835458]
      dt: d
      rows: 3
    t: !!opencv-matrix
      cols: 1
      data: [-0.9957999999999997, 0.16308872884606895, 0.04167264663660143]
      dt: d
      rows: 3
  - K1: !!opencv-matrix
      cols: 3
      data: [625.6271203844418, 0.0, 640.0, 0.0, 625.6271203844418, 360.0, 0.0, 0.0,
        1.0]
      dt: d
      rows: 3
    K2: !!opencv-matrix
      cols: 3
      data: [625.6271203844418, 0.0, 640.0, 0.0, 625.6271203844418, 360.0, 0.0, 0.0,
        1.0]
      dt: d
      rows: 3
    R: !!opencv-matrix
      cols: 3
      data: [0.9999728634235193, -0.004729003513550188, 0.005648800079346737, 0.005235963825436674,
        0.9956156643928407, -0.09339182779248499, -0.005182383562253598, 0.09341887037088001,
        0.9956134076835458]
      dt: d
      rows: 3
    t: !!opencv-matrix
      cols: 1
      data: [-0.9951999999999996, 0.16368872884606894, 0.042272646636601435]
      dt: d
      rows: 3
  - K1: !!opencv-matrix
      cols: 3
      data: [625.6271203844418, 0.0, 640.0, 0.0, 625.6271203844418, 360.0, 0.0, 0.0,
        1.0]
      dt: d
      rows: 3
    K2: !!opencv-matrix
      cols: 3
      data: [625.6271203844418, 0.0, 640.0, 0.0, 625.6271203844418, 360.0, 0.0, 0.0,
        1.0]
      dt: d
      rows: 3
    R: !!opencv-matrix
      cols: 3
      data: [0.9999728634235193, -0.004729003513550188, 0.005648800079346737, 0.005235963825436674,
        0.9956156643928407, -0.09339182779248499, -0.005182383562253598, 0.09341887037088001,
        0.9956134076835458]
      dt: d
      rows: 3
    t: !!opencv-matrix
      cols: 1
      data: [-0.9945999999999996, 0.16428872884606893, 0.04287264663660144]
      dt: d
      rows: 3
  - K1: !!opencv-matrix
      cols: 3
      data: [625.6271203844418, 0.0, 640.0, 0.0, 625.6271203844418, 360.0, 0.0, 0.0,
        1.0]
      dt: d
      rows: 3
    K2: !!opencv-matrix
      cols: 3
      data: [625.6271203844418, 0.0, 640.0, 0.0, 625.6271203844418, 360.0, 0.0, 0.0,
        1.0]
      dt: d
      rows: 3
    R: !!opencv-matrix
      cols: 3
      data: [0.9999728634235193, -0.004729003513550188, 0.005648800079346737, 0.005235963825436674,
        0.9956156643928407, -0.09339182779248499, -0.005182383562253598, 0.09341887037088001,
        0.9956134076835458]
      dt: d
      rows: 3
    t: !!opencv-matrix
      cols: 1
      data: [-0.9939999999999996, 0.16488872884606892, 0.04347264663660144]
      dt: d
      rows: 3
  - K1: !!opencv-matrix
      cols: 3
      data: [625.6271203844418, 0.0, 640.0, 0.0, 625.6271203844418, 360.0, 0.0, 0.0,
        1.0]
      dt: d
      rows: 3
    K2: !!opencv-matrix
      cols: 3
      data: [625.6271203844418, 0.0, 640.0, 0.0, 625.6271203844418, 360.0, 0.0, 0.0,
        1.0]
      dt: d
      rows: 3
    R: !!opencv-matrix
      cols: 3
      data: [0.9999728634235193, -0.004729003513550188, 0.005648800079346737, 0.005235963825436674,
        0.9956156643928407, -0.09339182779248499, -0.005182383562253598, 0.09341887037088001,
        0.9956134076835458]
      dt: d
      rows: 3
    t: !!opencv-matrix
      cols: 1
      data: [-0.9933999999999995, 0.1654887288460689, 0.044072646636601445]
      dt: d
      rows: 3
  - K1: !!opencv-matrix
      cols: 3
      data: [625.6271203844418, 0.0, 640.0, 0.0, 625.6271203844418, 360.0, 0.0, 0.0,
        1.0]
      dt: d
      rows: 3
    K2: !!opencv-matrix
      cols: 3
      data: [625.6271203844418, 0.0, 640.0, 0.0, 625.6271203844418, 360.0, 0.0, 0.0,
        1.0]
      dt: d
      rows: 3
    R: !!opencv-matrix
      cols: 3
      data: [0.9999728634235193, -0.004729003513550188, 0.005648800079346737, 0.005235963825436674,
        0.9956156643928407, -0.09339182779248499, -0.005182383562253598, 0.09341887037088001,
        0.9956134076835458]
      dt: d
      rows: 3
    t: !!opencv-matrix
      cols: 1
      data: [-0.9927999999999995, 0.1660887288460689, 0.04467264663660145]
      dt: d
      rows: 3
  - K1: !!opencv-matrix
      cols: 3
      data: [625.6271203844418, 0.0, 640.0, 0.0, 625.6271203844418, 360.0, 0.0, 0.0,
        1.0]
      dt: d
      rows: 3
    K2: !!opencv-matrix
      cols: 3
      data: [625.6271203844418, 0.0, 640.0, 0.0, 625.6271203844418, 360.0, 0.0, 0.0,
        1.0]
      dt: d
      rows: 3
    R: !!opencv-matrix
      cols: 3
      data: [0.9999728634235193, -0.004729003513550188, 0.005648800079346737, 0.005235963825436674,
        0.9956156643928407, -0.09339182779248499, -0.005182383562253598, 0.09341887037088001,
        0.9956134076835458]
      dt: d
      rows: 3
    t: !!opencv-matrix
      cols: 1
      data: [-0.9921999999999994, 0.1666887288460689, 0.04527264663660145]
      dt: d
      rows: 3
  - K1: !!opencv-matrix
      cols: 3
      data: [625.6271203844418, 0.0, 640.0, 0.0, 625.6271203844418, 360.0, 0.0, 0.0,
        1.0]
      dt: d
      rows: 3
    K2: !!opencv-matrix
      cols: 3
      data: [625.6271203844418, 0.0, 640.0, 0.0, 625.6271203844418, 360.0, 0.0, 0.0,
        1.0]
      dt: d
      rows: 3
    R: !!opencv-matrix
      cols: 3
      data: [0.9999728634235193, -0.004729003513550188, 0.005648800079346737, 0.005235963825436674,
        0.9956156643928407, -0.09339182779248499, -0.005182383562253598, 0.09341887037088001,
        0.9956134076835458]
      dt: d
      rows: 3
    t: !!opencv-matrix
      cols: 1
      data: [-0.9915999999999994, 0.16728872884606888, 0.045872646636601455]
      dt: d
      rows: 3
  - K1: !!opencv-matrix
      cols: 3
      data: [625.6271203844418, 0.0, 640.0, 0.0, 625.6271203844418, 360.0, 0.0, 0.0,
        1.0]
      dt: d
      rows: 3
    K2: !!opencv-matrix
      cols: 3
      data: [625.6271203844418, 0.0, 640.0, 0.0, 625.6271203844418, 360.0, 0.0, 0.0,
        1.0]
      dt: d
      rows: 3
    R: !!opencv-matrix
      cols: 3
      data: [0.9999728634235193, -0.004729003513550188, 0.005648800079346737, 0.005235963825436674,
        0.9956156643928407, -0.09339182779248499, -0.005182383562253598, 0.09341887037088001,
        0.9956134076835458]
      dt: d
      rows: 3
    t: !!opencv-matrix
      cols: 1
      data: [-0.9909999999999993, 0.16788872884606887, 0.04647264663660146]
      dt: d
      rows: 3
  - K1: !!opencv-matrix
      cols: 3
      data: [625.6271203844418, 0.0, 640.0, 0.0, 625.6271203844418, 360.0, 0.0, 0.0,
        1.0]
      dt: d
      rows: 3
    K2: !!opencv-matrix
      cols: 3
      data: [625.6271203844418, 0.0, 640.0, 0.0, 625.6271203844418, 360.0, 0.0, 0.0,
        1.0]
      dt: d
      rows: 3
    R: !!opencv-matrix
      cols: 3
      data: [0.9999728634235193, -0.004729003513550188, 0.005648800079346737, 0.005235963825436674,
        0.9956156643928407, -0.09339182779248499, -0.005182383562253598, 0.09341887037088001,
        0.9956134076835458]
      dt: d
      rows: 3
    t: !!opencv-matrix
      cols: 1
      data: [-0.9903999999999993, 0.16848872884606886, 0.04707264663660146]
      dt: d
      rows: 3
  - K1: !!opencv-matrix
      cols: 3
      data: [625.6271203844418, 0.0, 640.0, 0.0, 625.6271203844418, 360.0, 0.0, 0.0,
        1.0]
      dt: d
      rows: 3
    K2: !!opencv-matrix
      cols: 3
      data: [625.6271203844418, 0.0, 640.0, 0.0, 625.6271203844418, 360.0, 0.0, 0.0,
        1.0]
      dt: d
      rows: 3
    R: !!opencv-matrix
      cols: 3
      data: [0.9999728634235193, -0.004729003513550188, 0.005648800079346737, 0.005235963825436674,
        0.9956156643928407, -0.09339182779248499, -0.005182383562253598, 0.09341887037088001,
        0.9956134076835458]
      dt: d
      rows: 3
    t: !!opencv-matrix
      cols: 1
      data: [-0.9897999999999992, 0.16908872884606885, 0.047672646636601465]
      dt: d
      rows: 3
  - K1: !!opencv-matrix
      cols: 3
      data: [625.6271203844418, 0.0, 640.0, 0.0, 625.6271203844418, 360.0, 0.0, 0.0,
        1.0]
      dt: d
      rows: 3
    K2: !!opencv-matrix
      cols: 3
      data: [625.6271203844418, 0.0, 640.0, 0.0, 625.6271203844418, 360.0, 0.0, 0.0,
        1.0]
      dt: d
      rows: 3
    R: !!opencv-matrix
      cols: 3
      data: [0.9999728634235193, -0.004729003513550188, 0.005648800079346737, 0.005235963825436674,
        0.9956156643928407, -0.09339182779248499, -0.005182383562253598, 0.09341887037088001,
        0.9956134076835458]
      dt: d
      rows: 3
    t: !!opencv-matrix
      cols: 1
      data: [-0.9891999999999992, 0.16968872884606884, 0.04827264663660147]
      dt: d
      rows: 3
  - K1: !!opencv-matrix
      cols: 3
      data: [625.6271203844418, 0.0, 640.0, 0.0, 625.6271203844418, 360.0, 0.0, 0.0,
        1.0]
      dt: d
      rows: 3
    K2: !!opencv-matrix
      cols: 3
      data: [625.6271203844418, 0.0, 640.0, 0.0, 625.6271203844418, 360.0, 0.0, 0.0,
        1.0]
      dt: d
      rows: 3
    R: !!opencv-matrix
      cols: 3
      data: [0.9999728634235193, -0.004729003513550188, 0.005648800079346737, 0.005235963825436674,
        0.9956156643928407, -0.09339182779248499, -0.005182383562253598, 0.09341887037088001,
        0.9956134076835458]
      dt: d
      rows: 3
    t: !!opencv-matrix
      cols: 1
      data: [-0.9885999999999991, 0.17028872884606883, 0.04887264663660147]
      dt: d
      rows: 3
  - K1: !!opencv-matrix
      cols: 3
      data: [625.6271203844418, 0.0, 640.0, 0.0, 625.6271203844418, 360.0, 0.0, 0.0,
        1.0]
      dt: d
      rows: 3
    K2: !!opencv-matrix
      cols: 3
      data: [625.6271203844418, 0.0, 640.0, 0.0, 625.6271203844418, 360.0, 0.0, 0.0,
        1.0]
      dt: d
      rows: 3
    R: !!opencv-matrix
      cols: 3
      data: [0.9999728634235193, -0.004729003513550188, 0.005648800079346737, 0.005235963825436674,
        0.9956156643928407, -0.09339182779248499, -0.005182383562253598, 0.09341887037088001,
        0.9956134076835458]
      dt: d
      rows: 3
    t: !!opencv-matrix
      cols: 1
      data: [-0.9879999999999991, 0.17088872884606882, 0.049472646636601475]
      dt: d
      rows: 3
  - K1: !!opencv-matrix
      cols: 3
      data: [625.6271203844418, 0.0, 640.0, 0.0, 625.6271203844418, 360.0, 0.0, 0.0,
        1.0]
      dt: d
      rows: 3
    K2: !!opencv-matrix
      cols: 3
      data: [625.6271203844418, 0.0, 640.0, 0.0, 625.6271203844418, 360.0, 0.0, 0.0,
        1.0]
      dt: d
      rows: 3
    R: !!opencv-matrix
      cols: 3
      data: [0.9999728634235193, -0.004729003513550188, 0.005648800079346737, 0.005235963825436674,
        0.9956156643928407, -0.09339182779248499, -0.005182383562253598, 0.09341887037088001,
        0.9956134076835458]
      dt: d
      rows: 3
    t: !!opencv-matrix
      cols: 1
      data: [-0.9873999999999991, 0.1714887288460688, 0.05007264663660148]
      dt: d
      rows: 3
  - K1: !!opencv-matrix
      cols: 3
      data: [625.6271203844418, 0.0, 640.0, 0.0, 625.6271203844418, 360.0, 0.0, 0.0,
        1.0]
      dt: d
      rows: 3
    K2: !!opencv-matrix
      cols: 3
      data: [625.6271203844418, 0.0, 640.0, 0.0, 625.6271203844418, 360.0, 0.0, 0.0,
        1.0]
      dt: d
      rows: 3
    R: !!opencv-matrix
      cols: 3
      data: [0.9999728634235193, -0.004729003513550188, 0.005648800079346737, 0.005235963825436674,
        0.9956156643928407, -0.09339182779248499, -0.005182383562253598, 0.09341887037088001,
        0.9956134076835458]
      dt: d
      rows: 3
    t: !!opencv-matrix
      cols: 1
      data: [-0.986799999999999, 0.1720887288460688, 0.05067264663660148]
      dt: d
      rows: 3
  - K1: !!opencv-matrix
      cols: 3
      data: [625.6271203844418, 0.0, 640.0, 0.0, 625.6271203844418, 360.0, 0.0, 0.0,
        1.0]
      dt: d
      rows: 3
    K2: !!opencv-matrix
      cols: 3
      data: [625.6271203844418, 0.0, 640.0, 0.0, 625.6271203844418, 360.0, 0.0, 0.0,
        1.0]
      dt: d
      rows: 3
    R: !!opencv-matrix
      cols: 3
      data: [0.9999728634235193, -0.004729003513550188, 0.005648800079346737, 0.005235963825436674,
        0.9956156643928407, -0.09339182779248499, -0.005182383562253598, 0.09341887037088001,
        0.9956134076835458]
      dt: d
      rows: 3
    t: !!opencv-matrix
      cols: 1
      data: [-0.986199999999999, 0.17268872884606878, 0.051272646636601485]
      dt: d
      rows: 3
  - K1: !!opencv-matrix
      cols: 3
      data: [625.6271203844418, 0.0, 640.0, 0.0, 625.6271203844418, 360.0, 0.0, 0.0,
        1.0]
      dt: d
      rows: 3
    K2: !!opencv-matrix
      cols: 3
      data: [625.6271203844418, 0.0, 640.0, 0.0, 625.6271203844418, 360.0, 0.0, 0.0,
        1.0]
      dt: d
      rows: 3
    R: !!opencv-matrix
      cols: 3
      data: [0.9999728634235193, -0.004729003513550188, 0.005648800079346737, 0.005235963825436674,
        0.9956156643928407, -0.09339182779248499, -0.005182383562253598, 0.09341887037088001,
        0.9956134076835458]
      dt: d
      rows: 3
    t: !!opencv-matrix
      cols: 1
      data: [-0.9855999999999989, 0.17328872884606877, 0.05187264663660149]
      dt: d
      rows: 3
  - K1: !!opencv-matrix
      cols: 3
      data: [625.6271203844418, 0.0, 640.0, 0.0, 625.6271203844418, 360.0, 0.0, 0.0,
        1.0]
      dt: d
      rows: 3
    K2: !!opencv-matrix
      cols: 3
      data: [625.6271203844418, 0.0, 640.0, 0.0, 625.6271203844418, 360.0, 0.0, 0.0,
        1.0]
      dt: d
      rows: 3
    R: !!opencv-matrix
      cols: 3
      data: [0.9999728634235193, -0.004729003513550188, 0.005648800079346737, 0.005235963825436674,
        0.9956156643928407, -0.09339182779248499, -0.005182383562253598, 0.09341887037088001,
        0.9956134076835458]
      dt: d
      rows: 3
    t: !!opencv-matrix
      cols: 1
      data: [-0.9849999999999989, 0.17388872884606876, 0.05247264663660149]
      dt: d
      rows: 3
  - K1: !!opencv-matrix
      cols: 3
      data: [625.6271203844418, 0.0, 640.0, 0.0, 625.6271203844418, 360.0, 0.0, 0.0,
        1.0]
      dt: d
      rows: 3
    K2: !!opencv-matrix
      cols: 3
      data: [625.6271203844418, 0.0, 640.0, 0.0, 625.6271203844418, 360.0, 0.0, 0.0,
        1.0]
      dt: d
      rows: 3
    R: !!opencv-matrix
      cols: 3
      data: [0.9999728634235193, -0.004729003513550188, 0.005648800079346737, 0.005235963825436674,
        0.9956156643928407, -0.09339182779248499, -0.005182383562253598, 0.09341887037088001,
        0.9956134076835458]
      dt: d
      rows: 3
    t: !!opencv-matrix
      cols: 1
      data: [-0.9843999999999988, 0.17448872884606875, 0.053072646636601495]
      dt: d
      rows: 3
  - K1: !!opencv-matrix
      cols: 3
      data: [625.6271203844418, 0.0, 640.0, 0.0, 625.6271203844418, 360.0, 0.0, 0.0,
        1.0]
      dt: d
      rows: 3
    K2: !!opencv-matrix
      cols: 3
      data: [625.6271203844418, 0.0, 640.0, 0.0, 625.6271203844418, 360.0, 0.0, 0.0,
        1.0]
      dt: d
      rows: 3
    R: !!opencv-matrix
      cols: 3
      data: [0.9999728634235193, -0.004729003513550188, 0.005648800079346737, 0.005235963825436674,
        0.9956156643928407, -0.09339182779248499, -0.005182383562253598, 0.09341887037088001,
        0.9956134076835458]
      dt: d
      rows: 3
    t: !!opencv-matrix
      cols: 1
      data: [-0.9837999999999988, 0.17508872884606874, 0.0536726466366015]
      dt: d
      rows: 3
  - K1: !!opencv-matrix
      cols: 3
      data: [625.6271203844418, 0.0, 640.0, 0.0, 625.6271203844418, 360.0, 0.0, 0.0,
        1.0]
      dt: d
      rows: 3
    K2: !!opencv-matrix
      cols: 3
      data: [625.6271203844418, 0.0, 640.0, 0.0, 625.6271203844418, 360.0, 0.0, 0.0,
        1.0]
      dt: d
      rows: 3
    R: !!opencv-matrix
      cols: 3
      data: [0.9999728634235193, -0.004729003513550188, 0.005648800079346737, 0.005235963825436674,
        0.9956156643928407, -0.09339182779248499, -0.005182383562253598, 0.09341887037088001,
        0.9956134076835458]
      dt: d
      rows: 3
    t: !!opencv-matrix
      cols: 1
      data: [-0.9831999999999987, 0.17568872884606873, 0.0542726466366015]
      dt: d
      rows: 3
  - K1: !!opencv-matrix
      cols: 3
      data: [625.6271203844418, 0.0, 640.0, 0.0, 625.6271203844418, 360.0, 0.0, 0.0,
        1.0]
      dt: d
      rows: 3
    K2: !!opencv-matrix
      cols: 3
      data: [625.6271203844418, 0.0, 640.0, 0.0, 625.6271203844418, 360.0, 0.0, 0.0,
        1.0]
      dt: d
      rows: 3
    R: !!opencv-matrix
      cols: 3
      data: [0.9999728634235193, -0.004729003513550188, 0.005648800079346737, 0.005235963825436674,
        0.9956156643928407, -0.09339182779248499, -0.005182383562253598, 0.09341887037088001,
        0.9956134076835458]
      dt: d
      rows: 3
    t: !!opencv-matrix
      cols: 1
      data: [-0.9825999999999987, 0.17628872884606872, 0.054872646636601505]
      dt: d
      rows: 3
  - K1: !!opencv-matrix
      cols: 3
      data: [625.6271203844418, 0.0, 640.0, 0.0, 625.6271203844418, 360.0, 0.0, 0.0,
        1.0]
      dt: d
      rows: 3
    K2: !!opencv-matrix
      cols: 3
      data: [625.6271203844418, 0.0, 640.0, 0.0, 625.6271203844418, 360.0, 0.0, 0.0,
        1.0]
      dt: d
      rows: 3
    R: !!opencv-matrix
      cols: 3
      data: [0.9999728634235193, -0.004729003513550188, 0.005648800079346737, 0.005235963825436674,
        0.9956156643928407, -0.09339182779248499, -0.005182383562253598, 0.09341887037088001,
        0.9956134076835458]
      dt: d
      rows: 3
    t: !!opencv-matrix
      cols: 1
      data: [-0.9819999999999987, 0.1768887288460687, 0.05547264663660151]
      dt: d
      rows: 3
  - K1: !!opencv-matrix
      cols: 3
      data: [625.6271203844418, 0.0, 640.0, 0.0, 625.6271203844418, 360.0, 0.0, 0.0,
        1.0]
      dt: d
      rows: 3
    K2: !!opencv-matrix
      cols: 3
      data: [625.6271203844418, 0.0, 640.0, 0.0, 625.6271203844418, 360.0, 0.0, 0.0,
        1.0]
      dt: d
      rows: 3
    R: !!opencv-matrix
      cols: 3
      data: [0.9999728634235193, -0.004729003513550188, 0.005648800079346737, 0.005235963825436674,
        0.9956156643928407, -0.09339182779248499, -0.005182383562253598, 0.09341887037088001,
        0.9956134076835458]
      dt: d
      rows: 3
    t: !!opencv-matrix
      cols: 1
      data: [-0.9813999999999986, 0.1774887288460687, 0.05607264663660151]
      dt: d
      rows: 3
  - K1: !!opencv-matrix
      cols: 3
      data: [625.6271203844418, 0.0, 640.0, 0.0, 625.6271203844418, 360.0, 0.0, 0.0,
        1.0]
      dt: d
      rows: 3
    K2: !!opencv-matrix
      cols: 3
      data: [625.6271203844418, 0.0, 640.0, 0.0, 625.6271203844418, 360.0, 0.0, 0.0,
        1.0]
      dt: d
      rows: 3
    R: !!opencv-matrix
      cols: 3
      data: [0.9999728634235193, -0.004729003513550188, 0.005648800079346737, 0.005235963825436674,
        0.9956156643928407, -0.09339182779248499, -0.005182383562253598, 0.09341887037088001,
        0.9956134076835458]
      dt: d
      rows: 3
    t: !!opencv-matrix
      cols: 1
      data: [-0.9807999999999986, 0.1780887288460687, 0.056672646636601515]
      dt: d
      rows: 3
  - K1: !!opencv-matrix
      cols: 3
      data: [625.6271203844418, 0.0, 640.0, 0.0, 625.6271203844418, 360.0, 0.0, 0.0,
        1.0]
      dt: d
      rows: 3
    K2: !!opencv-matrix
      cols: 3
      data: [625.6271203844418, 0.0, 640.0, 0.0, 625.6271203844418, 360.0, 0.0, 0.0,
        1.0]
      dt: d
      rows: 3
    R: !!opencv-matrix
      cols: 3
      data: [0.9999728634235193, -0.004729003513550188, 0.005648800079346737, 0.005235963825436674,
        0.9956156643928407, -0.09339182779248499, -0.005182383562253598, 0.09341887037088001,
        0.9956134076835458]
      dt: d
      rows: 3
    t: !!opencv-matrix
      cols: 1
      data: [-0.9801999999999985, 0.17868872884606868, 0.05727264663660152]
      dt: d
      rows: 3
  - K1: !!opencv-matrix
      cols: 3
      data: [625.6271203844418, 0.0, 640.0, 0.0, 625.6271203844418, 360.0, 0.0, 0.0,
        1.0]
      dt: d
      rows: 3
    K2: !!opencv-matrix
      cols: 3
      data: [625.6271203844418, 0.0, 640.0, 0.0, 625.6271203844418, 360.0, 0.0, 0.0,
        1.0]
      dt: d
      rows: 3
    R: !!opencv-matrix
      cols: 3
      data: [0.9999728634235193, -0.004729003513550188, 0.005648800079346737, 0.005235963825436674,
        0.9956156643928407, -0.09339182779248499, -0.005182383562253598, 0.09341887037088001,
        0.9956134076835458]
      dt: d
      rows: 3
    t: !!opencv-matrix
      cols: 1
      data: [-0.9795999999999985, 0.17928872884606867, 0.05787264663660152]
      dt: d
      rows: 3
  - K1: !!opencv-matrix
      cols: 3
      data: [625.6271203844418, 0.0, 640.0, 0.0, 625.6271203844418, 360.0, 0.0, 0.0,
        1.0]
      dt: d
      rows: 3
    K2: !!opencv-matrix
      cols: 3
      data: [625.6271203844418, 0.0, 640.0, 0.0, 625.6271203844418, 360.0, 0.0, 0.0,
        1.0]
      dt: d
      rows: 3
    R: !!opencv-matrix
      cols: 3
      data: [0.9999728634235193, -0.004729003513550188, 0.005648800079346737, 0.005235963825436674,
        0.9956156643928407, -0.09339182779248499, -0.005182383562253598, 0.09341887037088001,
        0.9956134076835458]
      dt: d
      rows: 3
    t: !!opencv-matrix
      cols: 1
      data: [-0.9789999999999984, 0.17988872884606866, 0.058472646636601525]
      dt: d
      rows: 3
  - K1: !!opencv-matrix
      cols: 3
      data: [625.6271203844418, 0.0, 640.0, 0.0, 625.6271203844418, 360.0, 0.0, 0.0,
        1.0]
      dt: d
      rows: 3
    K2: !!opencv-matrix
      cols: 3
      data: [625.6271203844418, 0.0, 640.0, 0.0, 625.6271203844418, 360.0, 0.0, 0.0,
        1.0]
      dt: d
      rows: 3
    R: !!opencv-matrix
      cols: 3
      data: [0.9999728634235193, -0.004729003513550188, 0.005648800079346737, 0.005235963825436674,
        0.9956156643928407, -0.09339182779248499, -0.005182383562253598, 0.09341887037088001,
        0.9956134076835458]
      dt: d
      rows: 3
    t: !!opencv-matrix
      cols: 1
      data: [-0.9783999999999984, 0.18048872884606865, 0.05907264663660153]
      dt: d
      rows: 3
  - K1: !!opencv-matrix
      cols: 3
      data: [625.6271203844418, 0.0, 640.0, 0.0, 625.6271203844418, 360.0, 0.0, 0.0,
        1.0]
      dt: d
      rows: 3
    K2: !!opencv-matrix
      cols: 3
      data: [625.6271203844418, 0.0, 640.0, 0.0, 625.6271203844418, 360.0, 0.0, 0.0,
        1.0]
      dt: d
      rows: 3
    R: !!opencv-matrix
      cols: 3
      data: [0.9999728634235193, -0.004729003513550188, 0.005648800079346737, 0.005235963825436674,
        0.9956156643928407, -0.09339182779248499, -0.005182383562253598, 0.09341887037088001,
        0.9956134076835458]
      dt: d
      rows: 3
    t: !!opencv-matrix
      cols: 1
      data: [-0.9777999999999983, 0.18108872884606864, 0.05967264663660153]
      dt: d
      rows: 3
  - K1: !!opencv-matrix
      cols: 3
      data: [625.6271203844418, 0.0, 640.0, 0.0, 625.6271203844418, 360.0, 0.0, 0.0,
        1.0]
      dt: d
      rows: 3
    K2: !!opencv-matrix
      cols: 3
      data: [625.6271203844418, 0.0, 640.0, 0.0, 625.6271203844418, 360.0, 0.0, 0.0,
        1.0]
      dt: d
      rows: 3
    R: !!opencv-matrix
      cols: 3
      data: [0.9999728634235193, -0.004729003513550188, 0.005648800079346737, 0.005235963825436674,
        0.9956156643928407, -0.09339182779248499, -0.005182383562253598, 0.09341887037088001,
        0.9956134076835458]
      dt: d
      rows: 3
    t: !!opencv-matrix
      cols: 1
      data: [-0.9771999999999983, 0.18168872884606863, 0.060272646636601535]
      dt: d
      rows: 3
  - K1: !!opencv-matrix
      cols: 3
      data: [625.6271203844418, 0.0, 640.0, 0.0, 625.6271203844418, 360.0, 0.0, 0.0,
        1.0]
      dt: d
      rows: 3
    K2: !!opencv-matrix
      cols: 3
      data: [625.6271203844418, 0.0, 640.0, 0.0, 625.6271203844418, 360.0, 0.0, 0.0,
        1.0]
      dt: d
      rows: 3
    R: !!opencv-matrix
      cols: 3
      data: [0.9999728634235193, -0.004729003513550188, 0.005648800079346737, 0.005235963825436674,
        0.9956156643928407, -0.09339182779248499, -0.005182383562253598, 0.09341887037088001,
