%YAML:1.0
---
# This file contains user specific parameters used to generate multiple consecutive stereo frames with correspondences.
#
#
# Number of total frames. Max. 10000
nrTotalFrames: 150
# ---- Options for stereo extrinsics ----
#
#
# Number of different stereo configurations (max. 1000).
# The number of frames per camera configuration is controlled by the smallest number of the change rates (e.g. txChangeFRate) for tx, ty, tz, roll, pitch, and yaw.
nrStereoConfigs: 150
# Specifies after how many frames the x-component for the translation vector between the stereo cameras shall be changed linearly by a given value.
# Set this value to 0, if you do not want to change the x-component linearly.
txChangeFRate: 0
# Specifies after how many frames the y-component for the translation vector between the stereo cameras shall be changed linearly by a given value.
# Set this value to 0, if you do not want to change the y-component linearly.
tyChangeFRate: 0
# Specifies after how many frames the z-component for the translation vector between the stereo cameras shall be changed linearly by a given value.
# Set this value to 0, if you do not want to change the z-component linearly.
tzChangeFRate: 0
# Specifies after how many frames the roll angle (angle about x-axis) between the stereo cameras shall be changed linearly by a given value.
# Set this value to 0, if you do not want to change the roll linearly.
rollChangeFRate: 1
# Specifies after how many frames the pitch angle (angle about y-axis) between the stereo cameras shall be changed linearly by a given value.
# Set this value to 0, if you do not want to change the pitch linearly.
pitchChangeFRate: 1
# Specifies after how many frames the yaw angle (angle about z-axis) between the stereo cameras shall be changed linearly by a given value.
# Set this value to 0, if you do not want to change the yaw linearly.
yawChangeFRate: 1
# Linear change rate for tx (x-component of the translation vector between the stereo cameras).
txLinChangeVal: -1.0000000000000000e-02
# Linear change rate for ty (y-component of the translation vector between the stereo cameras).
tyLinChangeVal: 1.0000000000000000e-03
# Linear change rate for tz (z-component of the translation vector between the stereo cameras).
tzLinChangeVal: 5.0000000000000001e-04
# Linear change rate for the roll angle (angle in degrees about x-axis) between the stereo cameras.
rollLinChangeVal: -0.02
# Linear change rate for the pitch angle (angle in degrees about y-axis) between the stereo cameras.
pitchLinChangeVal: -0.02
# Linear change rate for the yaw angle (angle in degrees about z-axis) between the stereo cameras.
yawLinChangeVal: -0.02
# Start value for tx (x-component (right) of the translation vector between the stereo cameras).
# Only used if the specified range is 0.
txStartVal: -1.
# Start value for ty (y-component (down) of the translation vector between the stereo cameras).
# Only used if the specified range is 0.
tyStartVal: 1.0000000000000001e-01
# Start value for tz (z-component (forward) of the translation vector between the stereo cameras).
# Only used if the specified range is 0.
tzStartVal: 1.0000000000000000e-02
# Start value for the roll angle (angle in degrees about x-axis, right handed coordinate system, R = R_y * R_z * R_x) between the stereo cameras.
# Only used if the specified range is 0.
rollStartVal: 2.
# Start value for the pitch angle (angle in degrees about y-axis, right handed coordinate system, R = R_y * R_z * R_x) between the stereo cameras.
# Only used if the specified range is 0.
pitchStartVal: -8.1999999999999993e+00
# Start value for the yaw angle (angle in degrees about z-axis, right handed coordinate system, R = R_y * R_z * R_x) between the stereo cameras.
# Only used if the specified range is 0.
yawStartVal: 1.5
# Possible range of the initial tx (x-component (right) of the translation vector between the stereo cameras) to be able to meet a user specific image overlap.
# The optimal tx starting-value is by default only estimated for the first stereo configuration. If specified by txVariable, the range is used for every new configuration.
# If the range (difference between both values) is 0, tx will be kept fixed at the given start value for tx.
txRange:
   first: 0
   second: 0
# Possible range of the initial ty (y-component (down) of the translation vector between the stereo cameras) to be able to meet a user specific image overlap.
# The optimal ty starting-value is by default only estimated for the first stereo configuration. If specified by tyVariable, the range is used for every new configuration.
# If the range (difference between both values) is 0, ty will be kept fixed at the given start value for ty.
tyRange:
   first: -2.0000000000000001e-01
   second: 2.0000000000000001e-01
# Possible range of the initial tz (z-component (forward) of the translation vector between the stereo cameras) to be able to meet a user specific image overlap.
# The optimal tz starting-value is by default only estimated for the first stereo configuration. If specified by tzVariable, the range is used for every new configuration.
# If the range (difference between both values) is 0, tz will be kept fixed at the given start value for tz.
tzRange:
   first: -1.0000000000000001e-01
   second: 1.0000000000000001e-01
# Possible range for the initial roll angle (angle in degrees about x-axis between the stereo cameras, right handed coordinate system, R = R_y * R_z * R_x)
# to be able to meet a user specific image overlap. The optimal roll starting-value is by default only estimated for the
# first stereo configuration. If specified by rollVariable, the range is used for every new configuration.
# If the range (difference between both values) is 0, the roll angle will be kept fixed at the given start value for roll.
rollRange:
   first: -8.
   second: 8.
# Possible range for the initial pitch angle (angle in degrees about y-axis between the stereo cameras, right handed coordinate system, R = R_y * R_z * R_x)
# to be able to meet a user specific image overlap. The optimal pitch starting-value is by default only estimated for the
# first stereo configuration. If specified by pitchVariable, the range is used for every new configuration.
# If the range (difference between both values) is 0, the pitch angle will be kept fixed at the given start value for pitch.
pitchRange:
   first: -8.
   second: 20.
# Possible range for the initial yaw angle (angle in degrees about z-axis between the stereo cameras, right handed coordinate system, R = R_y * R_z * R_x)
# to be able to meet a user specific image overlap. The optimal yaw starting-value is by default only estimated for the
# first stereo configuration. If specified by yawVariable, the range is used for every new configuration.
# If the range (difference between both values) is 0, the yaw angle will be kept fixed at the given start value for yaw.
yawRange:
   first: 0
   second: 0
# Use the specified tx-range for every new stereo configuration (not only for the first) where tx should change (depends on txChangeFRate).
# If this value is 1, an optimal value is selected within the given range for every new changed stereo configuration to meet a
# specific image overlap between the 2 stereo cameras. Otherwise set the value to 0.
txVariable: 0
# Use the specified ty-range for every new stereo configuration (not only for the first) where ty should change (depends on tyChangeFRate).
# If this value is 1, an optimal value is selected within the given range for every new changed stereo configuration to meet a
# specific image overlap between the 2 stereo cameras. Otherwise set the value to 0.
tyVariable: 0
# Use the specified tz-range for every new stereo configuration (not only for the first) where tz should change (depends on tzChangeFRate).
# If this value is 1, an optimal value is selected within the given range for every new changed stereo configuration to meet a
# specific image overlap between the 2 stereo cameras. Otherwise set the value to 0.
tzVariable: 0
# Use the specified roll-range for every new stereo configuration (not only for the first) where the roll angle should change (depends on rollChangeFRate).
# If this value is 1, an optimal value is selected within the given range for every new changed stereo configuration to meet a
# specific image overlap between the 2 stereo cameras. Otherwise set the value to 0.
rollVariable: 0
# Use the specified pitch-range for every new stereo configuration (not only for the first) where the pitch angle should change (depends on pitchChangeFRate).
# If this value is 1, an optimal value is selected within the given range for every new changed stereo configuration to meet a
# specific image overlap between the 2 stereo cameras. Otherwise set the value to 0.
pitchVariable: 0
# Use the specified yaw-range for every new stereo configuration (not only for the first) where the yaw angle should change (depends on yawChangeFRate).
# If this value is 1, an optimal value is selected within the given range for every new changed stereo configuration to meet a
# specific image overlap between the 2 stereo cameras. Otherwise set the value to 0.
yawVariable: 0
# Set this variable to 1 if you want to use your own extrinsic and intrinsic camera parameters (set them in specificCamPars).
# Otherwise, set this value to 0.
useSpecificCamPars: 1
# Input for specific extrinsic and intrinsic stereo camera parameters. The translation vectors must include the scale factor.
# Rotation matrices must be generated by R = R_y * R_z * R_x (right handed coordinate system, x-axis: right, y-axis: down, z-axis: forward); x2 = R * x1 + t.
# Every list element specifies a new stereo pair. To use these parameters,useSpecificCamPars must be set to 1.
# Currently there is only support for different extrinsics. The camera matrices stay the same as for the first stereo configuration
# regardless of what is entered for the camera matrices in the subsequent configurations.
# The update frequence (in frames) is calculated by nrTotalFrames devided by the number of entered stereo configurations (here) or nrStereoConfigs (whatever value is smaller; nrStereoConfigs is not allowed to be larger than the number of entries entered here).
specificCamPars:
  - K1: !!opencv-matrix
      cols: 3
      data: [640.0000011487338, 0.0, 640.0, 0.0, 640.0000011487338, 360.0, 0.0, 0.0,
        1.0]
      dt: d
      rows: 3
    K2: !!opencv-matrix
      cols: 3
      data: [640.0000011487338, 0.0, 640.0, 0.0, 640.0000011487338, 360.0, 0.0, 0.0,
        1.0]
      dt: d
      rows: 3
    R: !!opencv-matrix
      cols: 3
      data: [0.9952809628157224, -0.020342187494971173, 0.09487887259304902, 0.026176948277968463,
        0.9978149698500283, -0.06066344304471854, -0.09343753226333171, 0.06286080934180441,
        0.9936387402941937]
      dt: d
      rows: 3
    t: !!opencv-matrix
      cols: 1
      data: [-1.0, -0.2, 0.03747264663660141]
      dt: d
      rows: 3
  - K1: !!opencv-matrix
      cols: 3
      data: [640.0000011487338, 0.0, 640.0, 0.0, 640.0000011487338, 360.0, 0.0, 0.0,
        1.0]
      dt: d
      rows: 3
    K2: !!opencv-matrix
      cols: 3
      data: [640.0000011487338, 0.0, 640.0, 0.0, 640.0000011487338, 360.0, 0.0, 0.0,
        1.0]
      dt: d
      rows: 3
    R: !!opencv-matrix
      cols: 3
      data: [0.9953225551661989, -0.020050326909416456, 0.09450394472324605, 0.02582800045641234,
        0.997845144635161, -0.06031568386794601, -0.0930909532116434, 0.06247440851148547,
        0.9936956388710214]
      dt: d
      rows: 3
    t: !!opencv-matrix
      cols: 1
      data: [-1.0, -0.2, 0.03747264663660141]
      dt: d
      rows: 3
  - K1: !!opencv-matrix
      cols: 3
      data: [640.0000011487338, 0.0, 640.0, 0.0, 640.0000011487338, 360.0, 0.0, 0.0,
        1.0]
      dt: d
      rows: 3
    K2: !!opencv-matrix
      cols: 3
      data: [640.0000011487338, 0.0, 640.0, 0.0, 640.0000011487338, 360.0, 0.0, 0.0,
        1.0]
      dt: d
      rows: 3
    R: !!opencv-matrix
      cols: 3
      data: [0.9953639055487369, -0.019758178873385022, 0.09412921915310155, 0.025479049487792716,
        0.9978750766312551, -0.05996790370994794, -0.09274434520747833, 0.06208820987735352,
        0.9937522531427347]
      dt: d
      rows: 3
    t: !!opencv-matrix
      cols: 1
      data: [-1.0, -0.2, 0.03747264663660141]
      dt: d
      rows: 3
  - K1: !!opencv-matrix
      cols: 3
      data: [640.0000011487338, 0.0, 640.0, 0.0, 640.0000011487338, 360.0, 0.0, 0.0,
        1.0]
      dt: d
      rows: 3
    K2: !!opencv-matrix
      cols: 3
      data: [640.0000011487338, 0.0, 640.0, 0.0, 640.0000011487338, 360.0, 0.0, 0.0,
        1.0]
      dt: d
      rows: 3
    R: !!opencv-matrix
      cols: 3
      data: [0.9954050139431824, -0.019465743654113493, 0.09375469609979711, 0.0251300954146282,
        0.9979047658237215, -0.05962010274022816, -0.09239770841976902, 0.06170221365798814,
        0.9938085833340741]
      dt: d
      rows: 3
    t: !!opencv-matrix
      cols: 1
      data: [-1.0, -0.2, 0.03747264663660141]
      dt: d
      rows: 3
  - K1: !!opencv-matrix
      cols: 3
      data: [640.0000011487338, 0.0, 640.0, 0.0, 640.0000011487338, 360.0, 0.0, 0.0,
        1.0]
      dt: d
      rows: 3
    K2: !!opencv-matrix
      cols: 3
      data: [640.0000011487338, 0.0, 640.0, 0.0, 640.0000011487338, 360.0, 0.0, 0.0,
        1.0]
      dt: d
      rows: 3
    R: !!opencv-matrix
      cols: 3
      data: [0.9954458803294997, -0.01917302151900899, 0.09338037578024022, 0.0247811382794378,
        0.9979342121980902, -0.05927228112830063, -0.092051043017462, 0.06131642007169482,
        0.9938646296699509]
      dt: d
      rows: 3
    t: !!opencv-matrix
      cols: 1
      data: [-1.0, -0.2, 0.03747264663660141]
      dt: d
      rows: 3
  - K1: !!opencv-matrix
      cols: 3
      data: [640.0000011487338, 0.0, 640.0, 0.0, 640.0000011487338, 360.0, 0.0, 0.0,
        1.0]
      dt: d
      rows: 3
    K2: !!opencv-matrix
      cols: 3
      data: [640.0000011487338, 0.0, 640.0, 0.0, 640.0000011487338, 360.0, 0.0, 0.0,
        1.0]
      dt: d
      rows: 3
    R: !!opencv-matrix
      cols: 3
      data: [0.9954865046877713, -0.01888001273564878, 0.0930062584110642, 0.024432178124740873,
        0.9979634157400098, -0.05892443904368941, -0.09170434916951782, 0.0609308293365048,
        0.9939203923754462]
      dt: d
      rows: 3
    t: !!opencv-matrix
      cols: 1
      data: [-1.0, -0.2, 0.03747264663660141]
      dt: d
      rows: 3
  - K1: !!opencv-matrix
      cols: 3
      data: [640.0000011487338, 0.0, 640.0, 0.0, 640.0000011487338, 360.0, 0.0, 0.0,
        1.0]
      dt: d
      rows: 3
    K2: !!opencv-matrix
      cols: 3
      data: [640.0000011487338, 0.0, 640.0, 0.0, 640.0000011487338, 360.0, 0.0, 0.0,
        1.0]
      dt: d
      rows: 3
    R: !!opencv-matrix
      cols: 3
      data: [0.9955268869981972, -0.01858671757177999, 0.09263234420862788, 0.024083214993057163,
        0.9979923764352463, -0.05857657665592846, -0.09135762704491081, 0.06054544167017498,
        0.9939758716758101]
      dt: d
      rows: 3
    t: !!opencv-matrix
      cols: 1
      data: [-1.0, -0.2, 0.03747264663660141]
      dt: d
      rows: 3
  - K1: !!opencv-matrix
      cols: 3
      data: [640.0000011487338, 0.0, 640.0, 0.0, 640.0000011487338, 360.0, 0.0, 0.0,
        1.0]
      dt: d
      rows: 3
    K2: !!opencv-matrix
      cols: 3
      data: [640.0000011487338, 0.0, 640.0, 0.0, 640.0000011487338, 360.0, 0.0, 0.0,
        1.0]
      dt: d
      rows: 3
    R: !!opencv-matrix
      cols: 3
      data: [0.9955670272410955, -0.018293136295319305, 0.09225863338901572, 0.023734248926906756,
        0.9980210942696849, -0.05822869413456171, -0.09101087681262915, 0.060160257290187744,
        0.9940310677964622]
      dt: d
      rows: 3
    t: !!opencv-matrix
      cols: 1
      data: [-1.0, -0.2, 0.03747264663660141]
      dt: d
      rows: 3
  - K1: !!opencv-matrix
      cols: 3
      data: [640.0000011487338, 0.0, 640.0, 0.0, 640.0000011487338, 360.0, 0.0, 0.0,
        1.0]
      dt: d
      rows: 3
    K2: !!opencv-matrix
      cols: 3
      data: [640.0000011487338, 0.0, 640.0, 0.0, 640.0000011487338, 360.0, 0.0, 0.0,
        1.0]
      dt: d
      rows: 3
    R: !!opencv-matrix
      cols: 3
      data: [0.9956069253969023, -0.01799926917435269, 0.09188512616803736, 0.023385279968810124,
        0.9980495692293289, -0.05788079164914288, -0.09066409864167467, 0.05977527641375083,
        0.9940859809629911]
      dt: d
      rows: 3
    t: !!opencv-matrix
      cols: 1
      data: [-1.0, -0.2, 0.03747264663660141]
      dt: d
      rows: 3
  - K1: !!opencv-matrix
      cols: 3
      data: [640.0000011487338, 0.0, 640.0, 0.0, 640.0000011487338, 360.0, 0.0, 0.0,
        1.0]
      dt: d
      rows: 3
    K2: !!opencv-matrix
      cols: 3
      data: [640.0000011487338, 0.0, 640.0, 0.0, 640.0000011487338, 360.0, 0.0, 0.0,
        1.0]
      dt: d
      rows: 3
    R: !!opencv-matrix
      cols: 3
      data: [0.9956465814461719, -0.017705116477135067, 0.0915118227612278, 0.023036308161288068,
        0.9980778013002998, -0.0575328693692354, -0.09031729270106285, 0.05939049925779722,
        0.994140611401154]
      dt: d
      rows: 3
    t: !!opencv-matrix
      cols: 1
      data: [-1.0, -0.2, 0.03747264663660141]
      dt: d
      rows: 3
  - K1: !!opencv-matrix
      cols: 3
      data: [640.0000011487338, 0.0, 640.0, 0.0, 640.0000011487338, 360.0, 0.0, 0.0,
        1.0]
      dt: d
      rows: 3
    K2: !!opencv-matrix
      cols: 3
      data: [640.0000011487338, 0.0, 640.0, 0.0, 640.0000011487338, 360.0, 0.0, 0.0,
        1.0]
      dt: d
      rows: 3
    R: !!opencv-matrix
      cols: 3
      data: [0.9956859953695764, -0.017410678472090022, 0.09113872338384701, 0.022687333546861747,
        0.9981057904688377, -0.05718492746441236, -0.08997045915982269, 0.05900592603898495,
        0.994194959336876]
      dt: d
      rows: 3
    t: !!opencv-matrix
      cols: 1
      data: [-1.0, -0.2, 0.03747264663660141]
      dt: d
      rows: 3
  - K1: !!opencv-matrix
      cols: 3
      data: [640.0000011487338, 0.0, 640.0, 0.0, 640.0000011487338, 360.0, 0.0, 0.0,
        1.0]
      dt: d
      rows: 3
    K2: !!opencv-matrix
      cols: 3
      data: [640.0000011487338, 0.0, 640.0, 0.0, 640.0000011487338, 360.0, 0.0, 0.0,
        1.0]
      dt: d
      rows: 3
    R: !!opencv-matrix
      cols: 3
      data: [0.9957251671479058, -0.017115955427809512, 0.09076582825087999, 0.022338356168052655,
        0.9981335367213011, -0.05683696610425642, -0.08962359818699665, 0.05862155697369703,
        0.9942490249962508]
      dt: d
      rows: 3
    t: !!opencv-matrix
      cols: 1
      data: [-1.0, -0.2, 0.03747264663660141]
      dt: d
      rows: 3
  - K1: !!opencv-matrix
      cols: 3
      data: [640.0000011487338, 0.0, 640.0, 0.0, 640.0000011487338, 360.0, 0.0, 0.0,
        1.0]
      dt: d
      rows: 3
    K2: !!opencv-matrix
      cols: 3
      data: [640.0000011487338, 0.0, 640.0, 0.0, 640.0000011487338, 360.0, 0.0, 0.0,
        1.0]
      dt: d
      rows: 3
    R: !!opencv-matrix
      cols: 3
      data: [0.9957640967620683, -0.016820947613053566, 0.09039313757703644, 0.021989376067382632,
        0.9981610400441666, -0.056488985458359724, -0.08927670995164053, 0.05823739227804129,
        0.9943028086055395]
      dt: d
      rows: 3
    t: !!opencv-matrix
      cols: 1
      data: [-1.0, -0.2, 0.03747264663660141]
      dt: d
      rows: 3
  - K1: !!opencv-matrix
      cols: 3
      data: [640.0000011487338, 0.0, 640.0, 0.0, 640.0000011487338, 360.0, 0.0, 0.0,
        1.0]
      dt: d
      rows: 3
    K2: !!opencv-matrix
      cols: 3
      data: [640.0000011487338, 0.0, 640.0, 0.0, 640.0000011487338, 360.0, 0.0, 0.0,
        1.0]
      dt: d
      rows: 3
    R: !!opencv-matrix
      cols: 3
      data: [0.9958027841930903, -0.01652565529674996, 0.09002065157675086, 0.021640393287373837,
        0.9981883004240298, -0.056140985696323815, -0.08892979462282347, 0.057853432167850244,
        0.9943563103911708]
      dt: d
      rows: 3
    t: !!opencv-matrix
      cols: 1
      data: [-1.0, -0.2, 0.03747264663660141]
      dt: d
      rows: 3
  - K1: !!opencv-matrix
      cols: 3
      data: [640.0000011487338, 0.0, 640.0, 0.0, 640.0000011487338, 360.0, 0.0, 0.0,
        1.0]
      dt: d
      rows: 3
    K2: !!opencv-matrix
      cols: 3
      data: [640.0000011487338, 0.0, 640.0, 0.0, 640.0000011487338, 360.0, 0.0, 0.0,
        1.0]
      dt: d
      rows: 3
    R: !!opencv-matrix
      cols: 3
      data: [0.9958412294221156, -0.016230078747993978, 0.08964837046418214, 0.021291407870548774,
        0.9982153178476038, -0.05579296698775954, -0.08858285236962775, 0.057469676858680936,
        0.9944095305797402]
      dt: d
      rows: 3
    t: !!opencv-matrix
      cols: 1
      data: [-1.0, -0.2, 0.03747264663660141]
      dt: d
      rows: 3
  - K1: !!opencv-matrix
      cols: 3
      data: [640.0000011487338, 0.0, 640.0, 0.0, 640.0000011487338, 360.0, 0.0, 0.0,
        1.0]
      dt: d
      rows: 3
    K2: !!opencv-matrix
      cols: 3
      data: [640.0000011487338, 0.0, 640.0, 0.0, 640.0000011487338, 360.0, 0.0, 0.0,
        1.0]
      dt: d
      rows: 3
    R: !!opencv-matrix
      cols: 3
      data: [0.9958794324304068, -0.015934218236048032, 0.08927629445321374, 0.02094241985943025,
        0.9982420923017211, -0.055444929502286994, -0.08823588336114888, 0.05708612656581482,
        0.9944624693980109]
      dt: d
      rows: 3
    t: !!opencv-matrix
      cols: 1
      data: [-1.0, -0.2, 0.03747264663660141]
      dt: d
      rows: 3
  - K1: !!opencv-matrix
      cols: 3
      data: [640.0000011487338, 0.0, 640.0, 0.0, 640.0000011487338, 360.0, 0.0, 0.0,
        1.0]
      dt: d
      rows: 3
    K2: !!opencv-matrix
      cols: 3
      data: [640.0000011487338, 0.0, 640.0, 0.0, 640.0000011487338, 360.0, 0.0, 0.0,
        1.0]
      dt: d
      rows: 3
    R: !!opencv-matrix
      cols: 3
      data: [0.995917393199344, -0.015638074030341422, 0.08890442375745321, 0.020593429296541396,
        0.9982686237733319, -0.055096873409535424, -0.08788888776649527, 0.056702781504257636,
        0.9945151270729112]
      dt: d
      rows: 3
    t: !!opencv-matrix
      cols: 1
      data: [-1.0, -0.2, 0.03747264663660141]
      dt: d
      rows: 3
  - K1: !!opencv-matrix
      cols: 3
      data: [640.0000011487338, 0.0, 640.0, 0.0, 640.0000011487338, 360.0, 0.0, 0.0,
        1.0]
      dt: d
      rows: 3
    K2: !!opencv-matrix
      cols: 3
      data: [640.0000011487338, 0.0, 640.0, 0.0, 640.0000011487338, 360.0, 0.0, 0.0,
        1.0]
      dt: d
      rows: 3
    R: !!opencv-matrix
      cols: 3
      data: [0.9959551117104257, -0.015341646400470029, 0.08853275859023235, 0.020244436224405655,
        0.9982949122495051, -0.05474879887914312, -0.08754186575478837, 0.05631964188873929,
        0.9945675038315372]
      dt: d
      rows: 3
    t: !!opencv-matrix
      cols: 1
      data: [-1.0, -0.2, 0.03747264663660141]
      dt: d
      rows: 3
  - K1: !!opencv-matrix
      cols: 3
      data: [640.0000011487338, 0.0, 640.0, 0.0, 640.0000011487338, 360.0, 0.0, 0.0,
        1.0]
      dt: d
      rows: 3
    K2: !!opencv-matrix
      cols: 3
      data: [640.0000011487338, 0.0, 640.0, 0.0, 640.0000011487338, 360.0, 0.0, 0.0,
        1.0]
      dt: d
      rows: 3
    R: !!opencv-matrix
      cols: 3
      data: [0.9959925879452683, -0.015044935616195979, 0.08816129916460692, 0.019895440685546776,
        0.9983209577174281, -0.054400706080757415, -0.08719481749516249, 0.05593670793371366,
        0.9946195999011499]
      dt: d
      rows: 3
    t: !!opencv-matrix
      cols: 1
      data: [-1.0, -0.2, 0.03747264663660141]
      dt: d
      rows: 3
  - K1: !!opencv-matrix
      cols: 3
      data: [640.0000011487338, 0.0, 640.0, 0.0, 640.0000011487338, 360.0, 0.0, 0.0,
        1.0]
      dt: d
      rows: 3
    K2: !!opencv-matrix
      cols: 3
      data: [640.0000011487338, 0.0, 640.0, 0.0, 640.0000011487338, 360.0, 0.0, 0.0,
        1.0]
      dt: d
      rows: 3
    R: !!opencv-matrix
      cols: 3
      data: [0.9960298218856066, -0.014747941947447376, 0.08779004569335659, 0.019546442722488802,
        0.9983467601644066, -0.05405259518403448, -0.08684774315676477, 0.055553979853358526,
        0.9946714155091767]
      dt: d
      rows: 3
    t: !!opencv-matrix
      cols: 1
      data: [-1.0, -0.2, 0.03747264663660141]
      dt: d
      rows: 3
  - K1: !!opencv-matrix
      cols: 3
      data: [640.0000011487338, 0.0, 640.0, 0.0, 640.0000011487338, 360.0, 0.0, 0.0,
        1.0]
      dt: d
      rows: 3
    K2: !!opencv-matrix
      cols: 3
      data: [640.0000011487338, 0.0, 640.0, 0.0, 640.0000011487338, 360.0, 0.0, 0.0,
        1.0]
      dt: d
      rows: 3
    R: !!opencv-matrix
      cols: 3
      data: [0.9960668135132928, -0.014450665664318001, 0.08741899838898472, 0.01919744237775608,
        0.998372319577865, -0.05370446635863934, -0.086500642908755, 0.055171457861575394,
        0.9947229508832097]
      dt: d
      rows: 3
    t: !!opencv-matrix
      cols: 1
      data: [-1.0, -0.2, 0.03747264663660141]
      dt: d
      rows: 3
  - K1: !!opencv-matrix
      cols: 3
      data: [640.0000011487338, 0.0, 640.0, 0.0, 640.0000011487338, 360.0, 0.0, 0.0,
        1.0]
      dt: d
      rows: 3
    K2: !!opencv-matrix
      cols: 3
      data: [640.0000011487338, 0.0, 640.0, 0.0, 640.0000011487338, 360.0, 0.0, 0.0,
        1.0]
      dt: d
      rows: 3
    R: !!opencv-matrix
      cols: 3
      data: [0.9961035628102979, -0.014153107037066997, 0.08704815746371827, 0.018848439693873238,
        0.9983976359453456, -0.05335631977424576, -0.08615351692030564, 0.05478914217198942,
        0.9947742062510065]
      dt: d
      rows: 3
    t: !!opencv-matrix
      cols: 1
      data: [-1.0, -0.2, 0.03747264663660141]
      dt: d
      rows: 3
  - K1: !!opencv-matrix
      cols: 3
      data: [640.0000011487338, 0.0, 640.0, 0.0, 640.0000011487338, 360.0, 0.0, 0.0,
        1.0]
      dt: d
      rows: 3
    K2: !!opencv-matrix
      cols: 3
      data: [640.0000011487338, 0.0, 640.0, 0.0, 640.0000011487338, 360.0, 0.0, 0.0,
        1.0]
      dt: d
      rows: 3
    R: !!opencv-matrix
      cols: 3
      data: [0.9961400697587106, -0.01385526633611857, 0.08667752312950767, 0.018499434713365202,
        0.9984227092545097, -0.05300815560053617, -0.08580636536060164, 0.054407032997949224,
        0.9948251818404895]
      dt: d
      rows: 3
    t: !!opencv-matrix
      cols: 1
      data: [-1.0, -0.2, 0.03747264663660141]
      dt: d
      rows: 3
  - K1: !!opencv-matrix
      cols: 3
      data: [640.0000011487338, 0.0, 640.0, 0.0, 640.0000011487338, 360.0, 0.0, 0.0,
        1.0]
      dt: d
      rows: 3
    K2: !!opencv-matrix
      cols: 3
      data: [640.0000011487338, 0.0, 640.0, 0.0, 640.0000011487338, 360.0, 0.0, 0.0,
        1.0]
      dt: d
      rows: 3
    R: !!opencv-matrix
      cols: 3
      data: [0.996176334340738, -0.013557143832061705, 0.08630709559802675, 0.018150427478757163,
        0.9984475394931369, -0.05265997400720153, -0.08545918839884051, 0.05402513055252671,
        0.9948758778797454]
      dt: d
      rows: 3
    t: !!opencv-matrix
      cols: 1
      data: [-1.0, -0.2, 0.03747264663660141]
      dt: d
      rows: 3
  - K1: !!opencv-matrix
      cols: 3
      data: [640.0000011487338, 0.0, 640.0, 0.0, 640.0000011487338, 360.0, 0.0, 0.0,
        1.0]
      dt: d
      rows: 3
    K2: !!opencv-matrix
      cols: 3
      data: [640.0000011487338, 0.0, 640.0, 0.0, 640.0000011487338, 360.0, 0.0, 0.0,
        1.0]
      dt: d
      rows: 3
    R: !!opencv-matrix
      cols: 3
      data: [0.9962123565387051, -0.013258739795649843, 0.08593687508067246, 0.0178014180325746,
        0.9984721266491252, -0.05231177516394133, -0.08511198620423202, 0.053643435048517096,
        0.994926294597025]
      dt: d
      rows: 3
    t: !!opencv-matrix
      cols: 1
      data: [-1.0, -0.2, 0.03747264663660141]
      dt: d
      rows: 3
  - K1: !!opencv-matrix
      cols: 3
      data: [640.0000011487338, 0.0, 640.0, 0.0, 640.0000011487338, 360.0, 0.0, 0.0,
        1.0]
      dt: d
      rows: 3
    K2: !!opencv-matrix
      cols: 3
      data: [640.0000011487338, 0.0, 640.0, 0.0, 640.0000011487338, 360.0, 0.0, 0.0,
        1.0]
      dt: d
      rows: 3
    R: !!opencv-matrix
      cols: 3
      data: [0.9962481363350552, -0.0129600544978006, 0.08556686178856492, 0.01745240641734325,
        0.9984964707104912, -0.051963559240463475, -0.08476475894599834, 0.053261946698438645,
        0.9949764322207433]
      dt: d
      rows: 3
    t: !!opencv-matrix
      cols: 1
      data: [-1.0, -0.2, 0.03747264663660141]
      dt: d
      rows: 3
  - K1: !!opencv-matrix
      cols: 3
      data: [640.0000011487338, 0.0, 640.0, 0.0, 640.0000011487338, 360.0, 0.0, 0.0,
        1.0]
      dt: d
      rows: 3
    K2: !!opencv-matrix
      cols: 3
      data: [640.0000011487338, 0.0, 640.0, 0.0, 640.0000011487338, 360.0, 0.0, 0.0,
        1.0]
      dt: d
      rows: 3
    R: !!opencv-matrix
      cols: 3
      data: [0.9962836737123495, -0.012661088209595444, 0.08519705593254707, 0.01710339267558912,
        0.9985205716653697, -0.05161532640648416, -0.08441750679337383, 0.052880665714532565,
        0.9950262909794788]
      dt: d
      rows: 3
    t: !!opencv-matrix
      cols: 1
      data: [-1.0, -0.2, 0.03747264663660141]
      dt: d
      rows: 3
  - K1: !!opencv-matrix
      cols: 3
      data: [640.0000011487338, 0.0, 640.0, 0.0, 640.0000011487338, 360.0, 0.0, 0.0,
        1.0]
      dt: d
      rows: 3
    K2: !!opencv-matrix
      cols: 3
      data: [640.0000011487338, 0.0, 640.0, 0.0, 640.0000011487338, 360.0, 0.0, 0.0,
        1.0]
      dt: d
      rows: 3
    R: !!opencv-matrix
      cols: 3
      data: [0.9963189686532677, -0.01236184120227942, 0.0848274577231848, 0.016754376849838482,
        0.9985444295020144, -0.05126707683172782, -0.08407022991560494, 0.052499592308762874,
        0.9950758711019733]
      dt: d
      rows: 3
    t: !!opencv-matrix
      cols: 1
      data: [-1.0, -0.2, 0.03747264663660141]
      dt: d
      rows: 3
  - K1: !!opencv-matrix
      cols: 3
      data: [640.0000011487338, 0.0, 640.0, 0.0, 640.0000011487338, 360.0, 0.0, 0.0,
        1.0]
      dt: d
      rows: 3
    K2: !!opencv-matrix
      cols: 3
      data: [640.0000011487338, 0.0, 640.0, 0.0, 640.0000011487338, 360.0, 0.0, 0.0,
        1.0]
      dt: d
      rows: 3
    R: !!opencv-matrix
      cols: 3
      data: [0.9963540211406072, -0.012062313747260824, 0.08445806737076661, 0.016405358982617843,
        0.9985680442087971, -0.05091881068592709, -0.0837229284819502, 0.05211872669281633,
        0.9951251728171314]
      dt: d
      rows: 3
    t: !!opencv-matrix
      cols: 1
      data: [-1.0, -0.2, 0.03747264663660141]
      dt: d
      rows: 3
  - K1: !!opencv-matrix
      cols: 3
      data: [640.0000011487338, 0.0, 640.0, 0.0, 640.0000011487338, 360.0, 0.0, 0.0,
        1.0]
      dt: d
      rows: 3
    K2: !!opencv-matrix
      cols: 3
      data: [640.0000011487338, 0.0, 640.0, 0.0, 640.0000011487338, 360.0, 0.0, 0.0,
        1.0]
      dt: d
      rows: 3
    R: !!opencv-matrix
      cols: 3
      data: [0.9963888311572842, -0.011762506116110929, 0.08408888508530357, 0.016056339116453985,
        0.9985914157742083, -0.05057052813882265, -0.08337560266168013, 0.051738069078102224,
        0.9951741963540207]
      dt: d
      rows: 3
    t: !!opencv-matrix
      cols: 1
      data: [-1.0, -0.2, 0.03747264663660141]
      dt: d
      rows: 3
  - K1: !!opencv-matrix
      cols: 3
      data: [640.0000011487338, 0.0, 640.0, 0.0, 640.0000011487338, 360.0, 0.0, 0.0,
        1.0]
      dt: d
      rows: 3
    K2: !!opencv-matrix
      cols: 3
      data: [640.0000011487338, 0.0, 640.0, 0.0, 640.0000011487338, 360.0, 0.0, 0.0,
        1.0]
      dt: d
      rows: 3
    R: !!opencv-matrix
      cols: 3
      data: [0.9964233986863326, -0.011462418580563658, 0.08371991107652917, 0.015707317293873917,
        0.9986145441868574, -0.050222229360163205, -0.08302825262407713, 0.051357619675752295,
        0.9952229419418712]
      dt: d
      rows: 3
    t: !!opencv-matrix
      cols: 1
      data: [-1.0, -0.2, 0.03747264663660141]
      dt: d
      rows: 3
  - K1: !!opencv-matrix
      cols: 3
      data: [640.0000011487338, 0.0, 640.0, 0.0, 640.0000011487338, 360.0, 0.0, 0.0,
        1.0]
      dt: d
      rows: 3
    K2: !!opencv-matrix
      cols: 3
      data: [640.0000011487338, 0.0, 640.0, 0.0, 640.0000011487338, 360.0, 0.0, 0.0,
        1.0]
      dt: d
      rows: 3
    R: !!opencv-matrix
      cols: 3
      data: [0.9964577237109045, -0.011162051412515282, 0.08335114555389919, 0.015358293557404881,
        0.9986374294354713, -0.04987391451970531, -0.08268087853843535, 0.05097737869662054,
        0.9952714098100748]
      dt: d
      rows: 3
    t: !!opencv-matrix
      cols: 1
      data: [-1.0, -0.2, 0.03747264663660141]
      dt: d
      rows: 3
  - K1: !!opencv-matrix
      cols: 3
      data: [640.0000011487338, 0.0, 640.0, 0.0, 640.0000011487338, 360.0, 0.0, 0.0,
        1.0]
      dt: d
      rows: 3
    K2: !!opencv-matrix
      cols: 3
      data: [640.0000011487338, 0.0, 640.0, 0.0, 640.0000011487338, 360.0, 0.0, 0.0,
        1.0]
      dt: d
      rows: 3
    R: !!opencv-matrix
      cols: 3
      data: [0.9964918062142701, -0.010861404884024154, 0.0829825887265916, 0.015009267949574369,
        0.9986600715088961, -0.0495255837872134, -0.0823334805740607, 0.05059734635128319,
        0.9953196001881852]
      dt: d
      rows: 3
    t: !!opencv-matrix
      cols: 1
      data: [-1.0, -0.2, 0.03747264663660141]
      dt: d
      rows: 3
  - K1: !!opencv-matrix
      cols: 3
      data: [640.0000011487338, 0.0, 640.0, 0.0, 640.0000011487338, 360.0, 0.0, 0.0,
        1.0]
      dt: d
      rows: 3
    K2: !!opencv-matrix
      cols: 3
      data: [640.0000011487338, 0.0, 640.0, 0.0, 640.0000011487338, 360.0, 0.0, 0.0,
        1.0]
      dt: d
      rows: 3
    R: !!opencv-matrix
      cols: 3
      data: [0.9965256461798186, -0.010560479267310362, 0.0826142408035064, 0.014660240512910089,
        0.9986824703960967, -0.04917723733245965, -0.08198605890027076, 0.050217522850038526,
        0.9953675133059182]
      dt: d
      rows: 3
    t: !!opencv-matrix
      cols: 1
      data: [-1.0, -0.2, 0.03747264663660141]
      dt: d
      rows: 3
  - K1: !!opencv-matrix
      cols: 3
      data: [640.0000011487338, 0.0, 640.0, 0.0, 640.0000011487338, 360.0, 0.0, 0.0,
        1.0]
      dt: d
      rows: 3
    K2: !!opencv-matrix
      cols: 3
      data: [640.0000011487338, 0.0, 640.0, 0.0, 640.0000011487338, 360.0, 0.0, 0.0,
        1.0]
      dt: d
      rows: 3
    R: !!opencv-matrix
      cols: 3
      data: [0.9965592435910564, -0.010259274834755456, 0.08224610199326551, 0.014311211289939976,
        0.9987046260861558, -0.04882887532522389, -0.08163861368639459, 0.049837908402906694,
        0.9954151493931499]
      dt: d
      rows: 3
    t: !!opencv-matrix
      cols: 1
      data: [-1.0, -0.2, 0.03747264663660141]
      dt: d
      rows: 3
  - K1: !!opencv-matrix
      cols: 3
      data: [640.0000011487338, 0.0, 640.0, 0.0, 640.0000011487338, 360.0, 0.0, 0.0,
        1.0]
      dt: d
      rows: 3
    K2: !!opencv-matrix
      cols: 3
      data: [640.0000011487338, 0.0, 640.0, 0.0, 640.0000011487338, 360.0, 0.0, 0.0,
        1.0]
      dt: d
      rows: 3
    R: !!opencv-matrix
      cols: 3
      data: [0.9965925984316084, -0.009957791858902137, 0.08187817250421263, 0.01396218032319218,
        0.9987265385682753, -0.04848049793529353, -0.08129114510177282, 0.04945850321962966,
        0.9954625086799183]
      dt: d
      rows: 3
    t: !!opencv-matrix
      cols: 1
      data: [-1.0, -0.2, 0.03747264663660141]
      dt: d
      rows: 3
  - K1: !!opencv-matrix
      cols: 3
      data: [640.0000011487338, 0.0, 640.0, 0.0, 640.0000011487338, 360.0, 0.0, 0.0,
        1.0]
      dt: d
      rows: 3
    K2: !!opencv-matrix
      cols: 3
      data: [640.0000011487338, 0.0, 640.0, 0.0, 640.0000011487338, 360.0, 0.0, 0.0,
        1.0]
      dt: d
      rows: 3
    R: !!opencv-matrix
      cols: 3
      data: [0.9966257106852183, -0.009656030612453955, 0.08151045254441307, 0.01361314765519507,
        0.998748207831775, -0.04813210533246346, -0.08094365331575738, 0.049079307509671044,
        0.9955095913964213]
      dt: d
      rows: 3
    t: !!opencv-matrix
      cols: 1
      data: [-1.0, -0.2, 0.03747264663660141]
      dt: d
      rows: 3
  - K1: !!opencv-matrix
      cols: 3
      data: [640.0000011487338, 0.0, 640.0, 0.0, 640.0000011487338, 360.0, 0.0, 0.0,
        1.0]
      dt: d
      rows: 3
    K2: !!opencv-matrix
      cols: 3
      data: [640.0000011487338, 0.0, 640.0, 0.0, 640.0000011487338, 360.0, 0.0, 0.0,
        1.0]
      dt: d
      rows: 3
    R: !!opencv-matrix
      cols: 3
      data: [0.9966585803357472, -0.009353991368275007, 0.08114294232165371, 0.013264113328477213,
        0.9987696338660937, -0.047783697686536016, -0.08059613849771154, 0.04870032148221602,
        0.9955563977730174]
      dt: d
      rows: 3
    t: !!opencv-matrix
      cols: 1
      data: [-1.0, -0.2, 0.03747264663660141]
      dt: d
      rows: 3
  - K1: !!opencv-matrix
      cols: 3
      data: [640.0000011487338, 0.0, 640.0, 0.0, 640.0000011487338, 360.0, 0.0, 0.0,
        1.0]
      dt: d
      rows: 3
    K2: !!opencv-matrix
      cols: 3
      data: [640.0000011487338, 0.0, 640.0, 0.0, 640.0000011487338, 360.0, 0.0, 0.0,
        1.0]
      dt: d
      rows: 3
    R: !!opencv-matrix
      cols: 3
      data: [0.9966912073671749, -0.009051674399389639, 0.0807756420434429, 0.012915077385567388,
        0.9987908166607887, -0.04743527516732086, -0.08024860081700982, 0.048321545346171155,
        0.9956029280402253]
      dt: d
      rows: 3
    t: !!opencv-matrix
      cols: 1
      data: [-1.0, -0.2, 0.03747264663660141]
      dt: d
      rows: 3
  - K1: !!opencv-matrix
      cols: 3
      data: [640.0000011487338, 0.0, 640.0, 0.0, 640.0000011487338, 360.0, 0.0, 0.0,
        1.0]
      dt: d
      rows: 3
    K2: !!opencv-matrix
      cols: 3
      data: [640.0000011487338, 0.0, 640.0, 0.0, 640.0000011487338, 360.0, 0.0, 0.0,
        1.0]
      dt: d
      rows: 3
    R: !!opencv-matrix
      cols: 3
      data: [0.9967235917635996, -0.008749079978982131, 0.08040855191701009, 0.012566039868994556,
        0.9988117562055358, -0.04708683794463488, -0.07990104044303786, 0.047942979310164294,
        0.9956491824287232]
      dt: d
      rows: 3
    t: !!opencv-matrix
      cols: 1
      data: [-1.0, -0.2, 0.03747264663660141]
      dt: d
      rows: 3
  - K1: !!opencv-matrix
      cols: 3
      data: [640.0000011487338, 0.0, 640.0, 0.0, 640.0000011487338, 360.0, 0.0, 0.0,
        1.0]
      dt: d
      rows: 3
    K2: !!opencv-matrix
      cols: 3
      data: [640.0000011487338, 0.0, 640.0, 0.0, 640.0000011487338, 360.0, 0.0, 0.0,
        1.0]
      dt: d
      rows: 3
    R: !!opencv-matrix
      cols: 3
      data: [0.9967557335092374, -0.008446208380396418, 0.08004167214930602, 0.01221700082128789,
        0.998832452490129, -0.04673838618830215, -0.07955345754519234, 0.04756462358254445,
        0.9956951611693491]
      dt: d
      rows: 3
    t: !!opencv-matrix
      cols: 1
      data: [-1.0, -0.2, 0.03747264663660141]
      dt: d
      rows: 3
  - K1: !!opencv-matrix
      cols: 3
      data: [640.0000011487338, 0.0, 640.0, 0.0, 640.0000011487338, 360.0, 0.0, 0.0,
        1.0]
      dt: d
      rows: 3
    K2: !!opencv-matrix
      cols: 3
      data: [640.0000011487338, 0.0, 640.0, 0.0, 640.0000011487338, 360.0, 0.0, 0.0,
        1.0]
      dt: d
      rows: 3
    R: !!opencv-matrix
      cols: 3
